0 0.0859375 0.3921875 0.171875 0.18359375
0 0.09609375 0.59609375 0.17421875 0.16796875
0 0.06875 0.803125 0.13671875 0.18359375
0 0.23828125 0.9140625 0.1796875 0.171875
0 0.27578125 0.7 0.10390625 0.12890625
0 0.31328125 0.50078125 0.18203125 0.14296875
0 0.13046875 0.178125 0.21328125 0.17578125
0 0.3546875 0.3203125 0.1625 0.15
0 0.37421875 0.1203125 0.1859375 0.165625
0 0.6046875 0.1546875 0.1515625 0.13828125
0 0.5328125 0.3140625 0.1640625 0.1625
0 0.52578125 0.4859375 0.15 0.13671875
0 0.50078125 0.64296875 0.1875 0.16796875
0 0.48125 0.80859375 0.18515625 0.13828125
0 0.4265625 0.93984375 0.15 0.11953125
0 0.65546875 0.7828125 0.16953125 0.17734375
0 0.72421875 0.26875 0.159375 0.14453125
0 0.70625 0.4296875 0.16796875 0.165625
0 0.89609375 0.4734375 0.1640625 0.16796875
0 0.871875 0.64296875 0.17578125 0.153125
0 0.8578125 0.796875 0.16796875 0.13359375
0 0.8234375 0.940625 0.225 0.11796875
0 0.92578125 0.1078125 0.1484375 0.21484375