0 0.2171875 0.13984375 0.18515625 0.1984375
0 0.5078125 0.696875 0.171875 0.18359375
0 0.39296875 0.23515625 0.196875 0.21484375
0 0.153125 0.36796875 0.1953125 0.21328125
0 0.3421875 0.4578125 0.1859375 0.19375
0 0.5515625 0.4828125 0.1890625 0.20546875
0 0.609375 0.36640625 0.1875 0.17109375
0 0.615625 0.23125 0.1890625 0.146875
0 0.6546875 0.0953125 0.18515625 0.1640625
0 0.81953125 0.13125 0.1578125 0.1875
0 0.778125 0.34375 0.146875 0.225
0 0.9265625 0.37890625 0.146875 0.1953125
0 0.89140625 0.5703125 0.19375 0.20859375
0 0.71328125 0.59140625 0.17421875 0.196875
0 0.8703125 0.75 0.2 0.2015625
0 0.69296875 0.83671875 0.2046875 0.2015625
0 0.8546875 0.921875 0.2015625 0.14609375
0 0.4859375 0.9078125 0.19140625 0.18359375
0 0.31171875 0.65546875 0.22109375 0.20859375
0 0.11640625 0.57890625 0.18203125 0.18515625
0 0.08671875 0.7671875 0.17265625 0.196875
0 0.2734375 0.88515625 0.234375 0.22890625
0 0.9375 0.18359375 0.125 0.1875
0 0.4328125 0.0546875 0.21328125 0.109375
0 0.08359375 0.91484375 0.1671875 0.1703125
0 0.06015625 0.25703125 0.1203125 0.18359375