0 0.59453125 0.40078125 0.2 0.19375
0 0.21484375 0.17890625 0.22265625 0.21328125
0 0.4109375 0.309375 0.17265625 0.17421875
0 0.36640625 0.49765625 0.2015625 0.23125
0 0.32421875 0.715625 0.21328125 0.1875
0 0.14375 0.56875 0.2328125 0.16953125
0 0.1078125 0.72734375 0.19375 0.165625
0 0.0984375 0.8625 0.196875 0.17734375
0 0.2828125 0.90390625 0.21640625 0.1875
0 0.5453125 0.8078125 0.1921875 0.22421875
0 0.7328125 0.9015625 0.19375 0.19609375
0 0.81640625 0.50234375 0.20859375 0.18125
0 0.584375 0.5921875 0.24375 0.21328125
0 0.85234375 0.31484375 0.190625 0.190625
0 0.634375 0.17421875 0.21171875 0.20703125
0 0.878125 0.1171875 0.20546875 0.20703125
0 0.78359375 0.68828125 0.11875 0.15625
0 0.18203125 0.35703125 0.17734375 0.13984375
0 0.0640625 0.19921875 0.128125 0.1640625
0 0.0765625 0.05859375 0.153125 0.1171875
0 0.91796875 0.91953125 0.1609375 0.1609375
0 0.9359375 0.784375 0.128125 0.14375