0 0.90625 0.7828125 0.1875 0.18359375
0 0.74609375 0.4140625 0.20859375 0.196875
0 0.92109375 0.52265625 0.15703125 0.2375
0 0.73984375 0.61328125 0.22109375 0.18046875
0 0.70390625 0.84453125 0.24765625 0.2015625
0 0.4421875 0.9125 0.203125 0.175
0 0.5171875 0.725 0.20546875 0.18203125
0 0.334375 0.74140625 0.203125 0.20859375
0 0.1265625 0.803125 0.23125 0.2328125
0 0.165625 0.52109375 0.17890625 0.17109375
0 0.37265625 0.5421875 0.228125 0.1984375
0 0.55859375 0.540625 0.1625 0.17109375
0 0.51484375 0.3703125 0.17890625 0.18515625
0 0.4171875 0.2390625 0.1546875 0.1625
0 0.5875 0.19375 0.2015625 0.17421875
0 0.79765625 0.26015625 0.18359375 0.14453125
0 0.796875 0.09375 0.2328125 0.1875
0 0.4265625 0.08125 0.165625 0.159375
0 0.23828125 0.16953125 0.20546875 0.18046875
0 0.228125 0.3421875 0.225 0.1875
0 0.04609375 0.290625 0.09140625 0.17265625
0 0.07265625 0.08359375 0.1453125 0.1671875
0 0.9421875 0.27734375 0.11484375 0.2390625