0 0.7921875 0.70234375 0.17734375 0.18984375
0 0.85546875 0.46796875 0.14609375 0.1546875
0 0.91015625 0.2265625 0.1796875 0.234375
0 0.7125 0.16171875 0.21953125 0.1875
0 0.6828125 0.31484375 0.190625 0.12734375
0 0.6578125 0.48359375 0.21328125 0.18359375
0 0.615625 0.65 0.20703125 0.190625
0 0.44765625 0.30390625 0.1984375 0.19375
0 0.478125 0.09375 0.20703125 0.1875
0 0.29453125 0.1921875 0.18359375 0.16796875
0 0.09921875 0.1546875 0.1984375 0.1953125
0 0.08671875 0.41875 0.17265625 0.20859375
0 0.25078125 0.39609375 0.17734375 0.18203125
0 0.409375 0.503125 0.21484375 0.2015625
0 0.23203125 0.603125 0.13984375 0.125
0 0.3796875 0.78671875 0.1921875 0.19375
0 0.203125 0.81484375 0.159375 0.1578125
0 0.765625 0.8828125 0.21171875 0.18515625
0 0.5796875 0.8375 0.18046875 0.1640625
0 0.3421875 0.93828125 0.2375 0.1234375
0 0.5734375 0.940625 0.196875 0.11796875
0 0.93671875 0.9 0.1265625 0.196875
0 0.065625 0.70546875 0.13046875 0.20859375