0 0.4046875 0.2828125 0.17578125 0.18359375
0 0.5734375 0.259375 0.17890625 0.17578125
0 0.7671875 0.3859375 0.22109375 0.2375
0 0.55703125 0.45625 0.225 0.19375
0 0.33359375 0.62109375 0.1984375 0.196875
0 0.4984375 0.67265625 0.18359375 0.20546875
0 0.71953125 0.6140625 0.23125 0.196875
0 0.684375 0.81640625 0.22421875 0.22421875
0 0.48984375 0.8484375 0.1625 0.14609375
0 0.27109375 0.90390625 0.2390625 0.1921875
0 0.08515625 0.8953125 0.16953125 0.209375
0 0.11796875 0.69375 0.21171875 0.17578125
0 0.1453125 0.53203125 0.21484375 0.1984375
0 0.20390625 0.340625 0.24765625 0.20703125
0 0.2328125 0.09453125 0.22265625 0.18046875
0 0.62265625 0.0765625 0.17578125 0.153125
0 0.81328125 0.146875 0.20546875 0.21328125
0 0.90078125 0.81875 0.19765625 0.228125
0 0.4453125 0.06875 0.1875 0.13671875