0 0.2875 0.7046875 0.17578125 0.18359375
0 0.55 0.72890625 0.1984375 0.18046875
0 0.54921875 0.5296875 0.190625 0.190625
0 0.35703125 0.46640625 0.14609375 0.14296875
0 0.4046875 0.22421875 0.1875 0.21640625
0 0.61640625 0.29765625 0.22421875 0.21640625
0 0.875 0.07109375 0.25 0.1421875
0 0.21953125 0.165625 0.2015625 0.2
0 0.18671875 0.3296875 0.17890625 0.13984375
0 0.15703125 0.478125 0.20546875 0.1609375
0 0.11875 0.64609375 0.1859375 0.18359375
0 0.2640625 0.88125 0.18203125 0.17265625
0 0.48203125 0.9078125 0.1953125 0.17578125
0 0.67109375 0.88671875 0.13671875 0.13203125
0 0.71796875 0.73359375 0.1625 0.17265625
0 0.87734375 0.7859375 0.1890625 0.21015625
0 0.915625 0.590625 0.16640625 0.15625
0 0.759375 0.55 0.196875 0.18046875
0 0.91796875 0.40234375 0.1640625 0.1796875
0 0.82734375 0.2390625 0.20546875 0.21328125
0 0.66015625 0.0640625 0.1484375 0.128125
0 0.45 0.04921875 0.234375 0.0984375
0 0.0890625 0.828125 0.1640625 0.13203125
0 0.08046875 0.95234375 0.1609375 0.0953125
0 0.8609375 0.95234375 0.1953125 0.0953125