0 0.5078125 0.196875 0.171875 0.18359375
0 0.48359375 0.4140625 0.17734375 0.1875
0 0.45 0.60546875 0.17578125 0.15
0 0.65703125 0.5734375 0.18203125 0.17890625
0 0.753125 0.859375 0.1875 0.21015625
0 0.575 0.825 0.16953125 0.1953125
0 0.3859375 0.82890625 0.1890625 0.22109375
0 0.27109375 0.39609375 0.196875 0.20546875
0 0.2203125 0.6140625 0.2 0.190625
0 0.1703125 0.83359375 0.2 0.225
0 0.08203125 0.46015625 0.1640625 0.17578125
0 0.08203125 0.265625 0.1640625 0.1953125
0 0.103125 0.08515625 0.20546875 0.16953125
0 0.31328125 0.15859375 0.21484375 0.196875
0 0.709375 0.0953125 0.165625 0.1875
0 0.89609375 0.08828125 0.2078125 0.1734375
0 0.8734375 0.25703125 0.1875 0.21640625
0 0.68046875 0.3359375 0.1921875 0.21796875
0 0.84609375 0.44921875 0.20703125 0.1890625
0 0.93359375 0.83203125 0.1328125 0.17734375
0 0.05859375 0.6859375 0.1171875 0.18203125