0 0.9 0.2828125 0.17578125 0.18359375
0 0.8296875 0.62578125 0.16796875 0.1875
0 0.775 0.91171875 0.21640625 0.1765625
0 0.61953125 0.69375 0.19375 0.1890625
0 0.56796875 0.89453125 0.1890625 0.20546875
0 0.375 0.78203125 0.196875 0.190625
0 0.353125 0.9453125 0.1921875 0.109375
0 0.1703125 0.8859375 0.14609375 0.12734375
0 0.21640625 0.73125 0.146875 0.1640625
0 0.4140625 0.6 0.16953125 0.1515625
0 0.265625 0.5328125 0.2046875 0.17890625
0 0.44453125 0.4203125 0.20703125 0.18515625
0 0.63671875 0.51640625 0.22265625 0.17578125
0 0.709375 0.3453125 0.2640625 0.1859375
0 0.734375 0.09765625 0.234375 0.1953125
0 0.91328125 0.06484375 0.1734375 0.12890625
0 0.52578125 0.228125 0.2046875 0.17421875
0 0.32578125 0.246875 0.21015625 0.203125
0 0.371875 0.065625 0.2359375 0.13046875
0 0.1140625 0.303125 0.228125 0.2375
0 0.075 0.53046875 0.15 0.23125
0 0.07421875 0.728125 0.1484375 0.2