0 0.2875 0.2046875 0.17578125 0.18359375
0 0.47578125 0.3953125 0.2 0.16796875
0 0.55 0.23828125 0.1890625 0.1546875
0 0.7234375 0.2296875 0.13984375 0.17109375
0 0.8703125 0.28515625 0.16640625 0.21640625
0 0.84609375 0.48671875 0.1859375 0.17421875
0 0.6625 0.38828125 0.13203125 0.109375
0 0.64296875 0.54921875 0.16796875 0.1578125
0 0.46328125 0.55859375 0.16640625 0.153125
0 0.21796875 0.60703125 0.159375 0.15625
0 0.0875 0.490625 0.12734375 0.13984375
0 0.096875 0.34375 0.1546875 0.153125
0 0.27265625 0.375 0.17578125 0.1546875
0 0.1125 0.14921875 0.159375 0.17578125
0 0.5453125 0.06875 0.16796875 0.13671875
0 0.7625 0.06328125 0.20546875 0.1265625
0 0.8125 0.65 0.153125 0.1546875
0 0.6140625 0.73515625 0.17578125 0.1515625
0 0.42890625 0.715625 0.18203125 0.14296875
0 0.18125 0.8921875 0.16640625 0.18359375
0 0.3984375 0.8609375 0.18359375 0.17734375
0 0.59296875 0.87734375 0.17890625 0.14140625
0 0.771875 0.88203125 0.1640625 0.165625
0 0.06328125 0.65703125 0.1265625 0.1484375
0 0.9375 0.796875 0.125 0.196875