0 0.44140625 0.47265625 0.171875 0.1875
0 0.86875 0.284375 0.1859375 0.18203125
0 0.69921875 0.30703125 0.1546875 0.13984375
0 0.5234375 0.2078125 0.2265625 0.21484375
0 0.7296875 0.10703125 0.17890625 0.12890625
0 0.30703125 0.10390625 0.20546875 0.20703125
0 0.12265625 0.1015625 0.18515625 0.203125
0 0.084375 0.321875 0.16796875 0.1890625
0 0.2953125 0.3078125 0.2421875 0.1890625
0 0.26796875 0.496875 0.190625 0.18515625
0 0.08359375 0.52890625 0.16640625 0.1953125
0 0.43046875 0.71171875 0.1875 0.190625
0 0.64375 0.565625 0.21484375 0.21796875
0 0.8640625 0.4875 0.22265625 0.21484375
0 0.81875 0.74296875 0.1859375 0.18515625
0 0.63359375 0.7796875 0.203125 0.1890625
0 0.7625 0.909375 0.19375 0.18125
0 0.5953125 0.953125 0.17578125 0.09375
0 0.375 0.91796875 0.1640625 0.1640625
0 0.23515625 0.7125 0.22109375 0.203125
0 0.1875 0.90625 0.21328125 0.17421875
0 0.0515625 0.74921875 0.103125 0.1890625