0 0.48046875 0.1296875 0.228125 0.19375
0 0.440625 0.31015625 0.2265625 0.19375
0 0.42265625 0.49609375 0.22421875 0.1984375
0 0.38203125 0.66953125 0.21171875 0.16640625
0 0.3359375 0.834375 0.26875 0.196875
0 0.55390625 0.7921875 0.20859375 0.21171875
0 0.20390625 0.3125 0.2421875 0.2015625
0 0.16640625 0.49375 0.225 0.190625
0 0.1375 0.66875 0.2296875 0.16796875
0 0.10234375 0.82734375 0.2015625 0.20546875
0 0.66953125 0.41796875 0.21171875 0.25234375
0 0.5921875 0.603125 0.2015625 0.19375
0 0.78359375 0.709375 0.22421875 0.21640625
0 0.68671875 0.23828125 0.20703125 0.16640625
0 0.70546875 0.08203125 0.20546875 0.1640625
0 0.22578125 0.10703125 0.21796875 0.20703125
0 0.7328125 0.90234375 0.20703125 0.1953125
0 0.88828125 0.2375 0.2234375 0.209375
0 0.846875 0.5953125 0.21171875 0.18359375
0 0.90703125 0.915625 0.1859375 0.16796875
0 0.87421875 0.40703125 0.18046875 0.1625
0 0.065625 0.0859375 0.13046875 0.17109375
0 0.5546875 0.9453125 0.1953125 0.109375