0 0.7875 0.2046875 0.17578125 0.18359375
0 0.75703125 0.375 0.1890625 0.1609375
0 0.7109375 0.5984375 0.17109375 0.18515625
0 0.5171875 0.64140625 0.17890625 0.18046875
0 0.50703125 0.8359375 0.16953125 0.1609375
0 0.67421875 0.88828125 0.1859375 0.1921875
0 0.46015625 0.953125 0.16640625 0.09375
0 0.88046875 0.86796875 0.1890625 0.16640625
0 0.5609375 0.48671875 0.1875 0.14453125
0 0.5828125 0.32578125 0.159375 0.1625
0 0.609375 0.15 0.19375 0.18359375
0 0.390625 0.0484375 0.21875 0.096875
0 0.22890625 0.10859375 0.16953125 0.121875
0 0.36796875 0.27265625 0.17109375 0.16953125
0 0.35546875 0.4765625 0.203125 0.17109375
0 0.3140625 0.734375 0.17734375 0.18046875
0 0.2609375 0.91484375 0.190625 0.1703125
0 0.125 0.7875 0.17109375 0.16796875
0 0.0984375 0.953125 0.17265625 0.09375
0 0.14296875 0.571875 0.21015625 0.203125
0 0.20546875 0.31171875 0.15625 0.13046875
0 0.0640625 0.21953125 0.12734375 0.21328125
0 0.94375 0.396875 0.11171875 0.17421875
0 0.92578125 0.55390625 0.1484375 0.1609375
0 0.91640625 0.703125 0.1671875 0.15