0 0.103125 0.65546875 0.19921875 0.2
0 0.284375 0.6859375 0.17578125 0.19375
0 0.50703125 0.7515625 0.19375 0.17578125
0 0.73203125 0.7140625 0.1921875 0.18203125
0 0.91796875 0.715625 0.15625 0.17890625
0 0.884375 0.92578125 0.1515625 0.13828125
0 0.703125 0.909375 0.18046875 0.1515625
0 0.2609375 0.8609375 0.13984375 0.09609375
0 0.3375 0.44453125 0.20859375 0.21953125
0 0.56171875 0.53359375 0.2015625 0.1921875
0 0.76875 0.49921875 0.19375 0.190625
0 0.9328125 0.4890625 0.134375 0.190625
0 0.7875 0.3125 0.234375 0.1890625
0 0.5609375 0.309375 0.1875 0.1921875
0 0.61484375 0.10390625 0.18359375 0.20703125
0 0.815625 0.1078125 0.2046875 0.21484375
0 0.17578125 0.2359375 0.225 0.20703125
0 0.12421875 0.4609375 0.20859375 0.17421875
0 0.19296875 0.071875 0.1765625 0.14375
0 0.3578125 0.2203125 0.15 0.1546875
0 0.0875 0.87890625 0.1515625 0.13203125
0 0.475 0.9375 0.19921875 0.125