0 0.603125 0.64609375 0.2015625 0.2046875
0 0.36796875 0.75546875 0.1921875 0.1625
0 0.35703125 0.9328125 0.20859375 0.134375
0 0.1640625 0.6734375 0.228125 0.16953125
0 0.1578125 0.803125 0.1859375 0.14609375
0 0.1484375 0.92890625 0.18046875 0.1421875
0 0.18515625 0.49765625 0.21640625 0.1859375
0 0.415625 0.58125 0.20859375 0.21640625
0 0.6296875 0.4625 0.23125 0.1859375
0 0.8421875 0.44140625 0.21796875 0.225
0 0.784375 0.6703125 0.18046875 0.22265625
0 0.68359375 0.240625 0.21015625 0.21328125
0 0.4234375 0.39453125 0.1859375 0.1640625
0 0.4578125 0.2390625 0.18515625 0.18046875
0 0.215625 0.325 0.190625 0.16640625
0 0.25546875 0.165625 0.1921875 0.1921875
0 0.06953125 0.13359375 0.1390625 0.1671875
0 0.49296875 0.071875 0.2234375 0.14375
0 0.6984375 0.075 0.1984375 0.15
0 0.8671875 0.2203125 0.16796875 0.17265625
0 0.759375 0.8578125 0.14296875 0.13515625
0 0.590625 0.87890625 0.15 0.14140625
0 0.9328125 0.93203125 0.134375 0.1359375
0 0.946875 0.740625 0.10546875 0.16796875