0 0.665625 0.821875 0.17578125 0.18359375
0 0.5234375 0.18046875 0.20546875 0.1859375
0 0.7125 0.6828125 0.16953125 0.1546875
0 0.73203125 0.55625 0.17421875 0.14453125
0 0.72109375 0.39375 0.18046875 0.18046875
0 0.7703125 0.246875 0.21484375 0.1640625
0 0.77890625 0.0765625 0.1578125 0.153125
0 0.9328125 0.1921875 0.134375 0.2046875
0 0.909375 0.4125 0.18125 0.19375
0 0.9125 0.57578125 0.175 0.15625
0 0.90390625 0.71875 0.190625 0.14609375
0 0.89296875 0.83671875 0.18515625 0.13828125
0 0.38203125 0.9234375 0.17890625 0.15234375
0 0.39453125 0.7875 0.1578125 0.15
0 0.4015625 0.64140625 0.1875 0.13828125
0 0.45625 0.48515625 0.19375 0.17734375
0 0.24375 0.49609375 0.17265625 0.20703125
0 0.27421875 0.2109375 0.14609375 0.14609375
0 0.36171875 0.084375 0.20703125 0.16796875
0 0.184375 0.078125 0.1875 0.146875
0 0.12265625 0.34140625 0.18515625 0.15
0 0.078125 0.5015625 0.15625 0.17578125
0 0.1265625 0.21875 0.17265625 0.1484375
0 0.19375 0.69296875 0.17109375 0.1984375
0 0.0625 0.66796875 0.125 0.1484375
0 0.1984375 0.9078125 0.203125 0.184375
0 0.459375 0.315625 0.17109375 0.1140625
0 0.0609375 0.81875 0.12109375 0.20703125
0 0.834375 0.9421875 0.2265625 0.11484375