0 0.58984375 0.15 0.171875 0.18359375
0 0.70703125 0.5953125 0.18203125 0.1515625
0 0.93828125 0.45859375 0.1234375 0.1828125
0 0.75234375 0.3609375 0.14453125 0.13046875
0 0.7828125 0.18125 0.1625 0.18203125
0 0.5921875 0.38203125 0.14453125 0.115625
0 0.53515625 0.54609375 0.165625 0.1546875
0 0.48359375 0.7140625 0.1921875 0.17578125
0 0.6734375 0.7625 0.18359375 0.17890625
0 0.90234375 0.83203125 0.1953125 0.203125
0 0.91796875 0.64765625 0.159375 0.17734375
0 0.65078125 0.9359375 0.1671875 0.128125
0 0.44296875 0.9 0.21328125 0.1890625
0 0.23984375 0.91171875 0.1546875 0.1765625
0 0.10703125 0.79609375 0.1953125 0.18359375
0 0.321875 0.6375 0.17734375 0.17578125
0 0.36171875 0.46328125 0.1984375 0.1546875
0 0.36640625 0.26796875 0.1890625 0.13984375
0 0.4125 0.0984375 0.21484375 0.1875
0 0.953125 0.2390625 0.09375 0.13828125
0 0.1515625 0.45078125 0.15 0.15625
0 0.13671875 0.6234375 0.17421875 0.1140625
0 0.1625 0.30859375 0.18046875 0.10703125
0 0.171875 0.1984375 0.1875 0.13203125
0 0.18046875 0.0484375 0.20703125 0.09609375