0 0.08984375 0.15 0.171875 0.18359375
0 0.2796875 0.19140625 0.165625 0.1578125
0 0.5 0.25859375 0.1859375 0.153125
0 0.7375 0.21640625 0.21640625 0.2015625
0 0.92734375 0.20390625 0.14453125 0.16953125
0 0.88828125 0.42890625 0.17734375 0.18203125
0 0.84609375 0.684375 0.1859375 0.24453125
0 0.66171875 0.609375 0.17578125 0.2
0 0.46875 0.45546875 0.1890625 0.17734375
0 0.69921875 0.4046875 0.22421875 0.17265625
0 0.5609375 0.0546875 0.19140625 0.109375
0 0.2640625 0.35703125 0.13984375 0.13359375
0 0.090625 0.378125 0.1609375 0.13359375
0 0.0546875 0.55625 0.109375 0.16796875
0 0.21875 0.59375 0.2 0.15
0 0.18203125 0.76171875 0.1890625 0.1953125
0 0.15625 0.93828125 0.178125 0.1234375
0 0.40625 0.84609375 0.2265625 0.165625
0 0.43515625 0.653125 0.1578125 0.17265625
0 0.6390625 0.81875 0.21796875 0.1890625
0 0.7859375 0.04609375 0.146875 0.09140625