0 0.684375 0.315625 0.1640625 0.18515625
0 0.63984375 0.50859375 0.1859375 0.1640625
0 0.80859375 0.6203125 0.17421875 0.17421875
0 0.83671875 0.475 0.1890625 0.17109375
0 0.896875 0.346875 0.18046875 0.146875
0 0.9046875 0.19921875 0.190625 0.16953125
0 0.72265625 0.17734375 0.17109375 0.146875
0 0.73828125 0.06484375 0.1484375 0.12890625
0 0.403125 0.14375 0.17890625 0.14609375
0 0.3890625 0.28203125 0.153125 0.13671875
0 0.38359375 0.4296875 0.16640625 0.1625
0 0.37734375 0.58203125 0.12890625 0.14296875
0 0.34453125 0.77890625 0.1546875 0.1546875
0 0.175 0.70234375 0.16953125 0.16640625
0 0.1359375 0.8921875 0.22109375 0.21015625
0 0.1921875 0.54296875 0.20703125 0.1484375
0 0.2015625 0.39296875 0.1921875 0.1609375
0 0.19765625 0.184375 0.1640625 0.17890625
0 0.59765625 0.65546875 0.2046875 0.16640625
0 0.5625 0.8 0.2 0.1484375
0 0.52265625 0.93359375 0.21328125 0.1328125
0 0.76484375 0.8015625 0.1625 0.16640625
0 0.91953125 0.8125 0.1609375 0.171875
0 0.0625 0.165625 0.125 0.16015625
0 0.26015625 0.05625 0.16796875 0.1125
0 0.06796875 0.05078125 0.1359375 0.1015625
0 0.059375 0.3328125 0.11875 0.16640625
0 0.72578125 0.9328125 0.2046875 0.134375