0 0.184375 0.3359375 0.16953125 0.171875
0 0.3921875 0.340625 0.1859375 0.1515625
0 0.42890625 0.225 0.2328125 0.1234375
0 0.2203125 0.18125 0.16640625 0.13671875
0 0.23046875 0.0609375 0.1640625 0.12109375
0 0.43046875 0.0828125 0.22421875 0.165625
0 0.63828125 0.1203125 0.17734375 0.14453125
0 0.61171875 0.29609375 0.1984375 0.1984375
0 0.55078125 0.4765625 0.13046875 0.12890625
0 0.33046875 0.47265625 0.2046875 0.16953125
0 0.31328125 0.6140625 0.16953125 0.1609375
0 0.496875 0.6203125 0.17265625 0.1078125
0 0.1328125 0.50234375 0.18203125 0.16953125
0 0.1015625 0.66484375 0.2 0.1609375
0 0.08203125 0.790625 0.1640625 0.16796875
0 0.26328125 0.8078125 0.17734375 0.16953125
0 0.440625 0.81484375 0.17265625 0.18203125
0 0.6546875 0.87109375 0.15 0.13828125
0 0.74296875 0.38671875 0.1546875 0.1515625
0 0.73046875 0.5328125 0.1890625 0.13984375
0 0.72734375 0.69140625 0.165625 0.17734375
0 0.8578125 0.91796875 0.20703125 0.1640625
0 0.88046875 0.73984375 0.15 0.121875
0 0.9109375 0.5828125 0.178125 0.1890625
0 0.91953125 0.39453125 0.1609375 0.1953125
0 0.8140625 0.13515625 0.17421875 0.1921875
0 0.0765625 0.92734375 0.153125 0.1453125
0 0.2359375 0.93125 0.19921875 0.13671875
0 0.9375 0.1953125 0.125 0.1875