0 0.515625 0.153125 0.21015625 0.2078125
0 0.27734375 0.26015625 0.22109375 0.1921875
0 0.20703125 0.46484375 0.24921875 0.22421875
0 0.14296875 0.67421875 0.24609375 0.2375
0 0.3609375 0.6953125 0.13828125 0.146875
0 0.4359375 0.540625 0.21640625 0.2015625
0 0.478125 0.3578125 0.228125 0.20703125
0 0.62578125 0.5640625 0.20859375 0.1640625
0 0.58515625 0.71484375 0.2421875 0.21328125
0 0.80234375 0.6640625 0.228125 0.25234375
0 0.82734375 0.4453125 0.20859375 0.2
0 0.86953125 0.2671875 0.1984375 0.21640625
0 0.6890625 0.20859375 0.2 0.20703125
0 0.32265625 0.88828125 0.2328125 0.2234375
0 0.5625 0.8890625 0.17578125 0.159375
0 0.67734375 0.38828125 0.21015625 0.22421875
0 0.103125 0.08203125 0.20625 0.1640625
0 0.91484375 0.0875 0.16953125 0.17421875
0 0.7515625 0.915625 0.23125 0.16875
0 0.08203125 0.24609375 0.1640625 0.228125
0 0.3265625 0.0828125 0.2421875 0.165625
0 0.73828125 0.07421875 0.21484375 0.1484375