0 0.3953125 0.7703125 0.21015625 0.1984375
0 0.18125 0.84765625 0.21484375 0.2375
0 0.234375 0.634375 0.17734375 0.17109375
0 0.41171875 0.62109375 0.20703125 0.1578125
0 0.41796875 0.46875 0.18046875 0.17734375
0 0.63984375 0.51484375 0.2015625 0.20546875
0 0.240625 0.43828125 0.17421875 0.21171875
0 0.47421875 0.33046875 0.2 0.15
0 0.5109375 0.1625 0.2015625 0.18046875
0 0.30390625 0.1640625 0.2 0.240625
0 0.684375 0.3421875 0.1578125 0.13828125
0 0.89609375 0.371875 0.190625 0.21796875
0 0.89453125 0.140625 0.2109375 0.203125
0 0.72109375 0.18671875 0.159375 0.1484375
0 0.846875 0.571875 0.20546875 0.1875
0 0.78671875 0.7453125 0.24453125 0.1921875
0 0.5609375 0.92421875 0.21796875 0.15078125
0 0.78828125 0.9234375 0.2359375 0.15234375
0 0.1078125 0.2109375 0.19375 0.17890625
0 0.12578125 0.0734375 0.196875 0.146875