0 0.9046875 0.77578125 0.1875 0.18671875
0 0.6890625 0.8453125 0.20546875 0.21796875
0 0.28125 0.77890625 0.21640625 0.196875
0 0.0875 0.80859375 0.175 0.2421875
0 0.2890625 0.6046875 0.1546875 0.1484375
0 0.1171875 0.4890625 0.20703125 0.2
0 0.1515625 0.1796875 0.21953125 0.21796875
0 0.37265625 0.1953125 0.21015625 0.1921875
0 0.33671875 0.3828125 0.22265625 0.2015625
0 0.51875 0.528125 0.22109375 0.196875
0 0.72734375 0.45703125 0.18046875 0.21953125
0 0.7359375 0.6453125 0.18046875 0.1640625
0 0.90546875 0.4625 0.18515625 0.17421875
0 0.903125 0.6171875 0.19375 0.146875
0 0.79921875 0.1671875 0.2046875 0.2421875
0 0.5578125 0.378125 0.17265625 0.1546875
0 0.58671875 0.20546875 0.2359375 0.1859375
0 0.43984375 0.065625 0.1859375 0.13046875
0 0.49140625 0.69140625 0.22578125 0.1890625
0 0.48515625 0.846875 0.22265625 0.18203125
0 0.634375 0.06875 0.1875 0.13671875
0 0.23359375 0.95078125 0.2109375 0.0984375