0 0.590625 0.559375 0.18046875 0.18984375
0 0.64453125 0.38359375 0.20703125 0.17890625
0 0.6734375 0.2046875 0.1640625 0.1484375
0 0.69140625 0.0609375 0.1875 0.12109375
0 0.8484375 0.2828125 0.1546875 0.15625
0 0.8796875 0.08359375 0.14296875 0.16640625
0 0.77265625 0.575 0.13984375 0.13359375
0 0.7328125 0.71875 0.17890625 0.1609375
0 0.7015625 0.9015625 0.165625 0.17734375
0 0.5125 0.89296875 0.21015625 0.17265625
0 0.5359375 0.7265625 0.18203125 0.1546875
0 0.47578125 0.11796875 0.196875 0.1875
0 0.4515625 0.30234375 0.17265625 0.15
0 0.40546875 0.44140625 0.1234375 0.1078125
0 0.37265625 0.58125 0.18046875 0.16796875
0 0.334375 0.7375 0.2 0.153125
0 0.3109375 0.87734375 0.1984375 0.15
0 0.259375 0.06796875 0.1609375 0.13515625
0 0.08671875 0.21484375 0.17265625 0.1890625
0 0.23515625 0.24609375 0.1546875 0.17734375
0 0.1734375 0.440625 0.18203125 0.190625
0 0.125 0.6203125 0.18359375 0.1890625
0 0.1265625 0.78515625 0.17578125 0.14296875
0 0.08984375 0.0546875 0.1796875 0.109375
0 0.07890625 0.9078125 0.13359375 0.1140625
0 0.04921875 0.403125 0.0984375 0.1875