0 0.08984375 0.56796875 0.1796875 0.16875
0 0.13828125 0.38984375 0.225 0.19375
0 0.17265625 0.20703125 0.16796875 0.1625
0 0.34296875 0.2828125 0.1640625 0.15625
0 0.26875 0.56953125 0.146875 0.14453125
0 0.23515625 0.71875 0.17265625 0.1578125
0 0.203125 0.90078125 0.159375 0.1640625
0 0.05859375 0.88671875 0.1171875 0.171875
0 0.53203125 0.625 0.13203125 0.13828125
0 0.52109375 0.44921875 0.21015625 0.165625
0 0.0640625 0.71796875 0.128125 0.1640625
0 0.565625 0.3078125 0.19375 0.1625
0 0.59609375 0.16015625 0.21015625 0.1546875
0 0.76875 0.30703125 0.17578125 0.17890625
0 0.80546875 0.1140625 0.1625 0.17421875
0 0.2109375 0.0609375 0.17578125 0.121875
0 0.63046875 0.0484375 0.1765625 0.096875
0 0.721875 0.4734375 0.190625 0.2015625
0 0.90390625 0.50859375 0.19140625 0.18515625
0 0.9234375 0.3140625 0.15234375 0.19140625
0 0.88203125 0.70390625 0.21953125 0.18203125
0 0.68515625 0.67578125 0.17421875 0.1859375
0 0.659375 0.878125 0.16796875 0.16953125
0 0.48828125 0.77578125 0.18046875 0.14609375
0 0.46796875 0.928125 0.19375 0.14375
0 0.85546875 0.9296875 0.13984375 0.1234375
0 0.38125 0.08984375 0.1484375 0.159375