0 0.88125 0.271875 0.17578125 0.18359375
0 0.69375 0.34609375 0.196875 0.20546875
0 0.7859375 0.56953125 0.2703125 0.21640625
0 0.7625 0.76171875 0.17890625 0.1625
0 0.93984375 0.6640625 0.11953125 0.17734375
0 0.9140625 0.90234375 0.171875 0.1953125
0 0.73828125 0.92890625 0.22421875 0.1421875
0 0.5546875 0.9484375 0.18359375 0.103125
0 0.57265625 0.77109375 0.1859375 0.2015625
0 0.40078125 0.715625 0.21953125 0.22109375
0 0.18125 0.9 0.25390625 0.2
0 0.20859375 0.70546875 0.1890625 0.1875
0 0.46796875 0.52734375 0.21171875 0.21015625
0 0.24375 0.50546875 0.21953125 0.20859375
0 0.08828125 0.29609375 0.1765625 0.2703125
0 0.28359375 0.28203125 0.2046875 0.196875
0 0.4921875 0.34921875 0.19375 0.13359375
0 0.72890625 0.13984375 0.17109375 0.14453125
0 0.90390625 0.0875 0.1828125 0.175
0 0.4984375 0.2015625 0.20546875 0.20703125
0 0.28671875 0.09453125 0.22265625 0.1890625
0 0.52890625 0.06328125 0.21328125 0.1265625
0 0.0640625 0.63671875 0.12734375 0.23125
0 0.3828125 0.90234375 0.159375 0.16640625