0 0.90546875 0.5390625 0.18828125 0.18359375
0 0.534375 0.46328125 0.18125 0.19296875
0 0.73671875 0.4171875 0.16953125 0.17265625
0 0.9234375 0.3578125 0.15234375 0.18359375
0 0.7296875 0.5609375 0.1515625 0.1640625
0 0.88984375 0.7328125 0.19375 0.1921875
0 0.69375 0.74609375 0.19375 0.19375
0 0.428125 0.81484375 0.15625 0.1578125
0 0.125 0.79140625 0.153125 0.17734375
0 0.3015625 0.7375 0.1578125 0.15625
0 0.37265625 0.56796875 0.225 0.21640625
0 0.37421875 0.37421875 0.18359375 0.17109375
0 0.5171875 0.2765625 0.16640625 0.12890625
0 0.76484375 0.15078125 0.21015625 0.1515625
0 0.784375 0.265625 0.14453125 0.1265625
0 0.69140625 0.89375 0.2046875 0.1625
0 0.859375 0.88984375 0.1625 0.1578125
0 0.19765625 0.4296875 0.1609375 0.146875
0 0.23515625 0.11484375 0.1484375 0.13671875
0 0.41484375 0.1515625 0.2046875 0.159375
0 0.5609375 0.1078125 0.10703125 0.09453125
0 0.1015625 0.9375 0.1484375 0.125
0 0.13359375 0.609375 0.13515625 0.13671875
0 0.18359375 0.27734375 0.1625 0.12734375
0 0.93828125 0.1921875 0.1234375 0.146875
0 0.05859375 0.40625 0.1171875 0.16953125
0 0.0640625 0.078125 0.128125 0.15625
0 0.26015625 0.93515625 0.1609375 0.1296875