0 0.54453125 0.47109375 0.1734375 0.1734375
0 0.734375 0.44609375 0.22265625 0.1890625
0 0.7640625 0.27265625 0.17578125 0.1515625
0 0.7765625 0.09375 0.24375 0.1875
0 0.5734375 0.27265625 0.16953125 0.19375
0 0.4109375 0.21796875 0.190625 0.21015625
0 0.4734375 0.065625 0.240625 0.13046875
0 0.18515625 0.39765625 0.225 0.17265625
0 0.36875 0.5625 0.13984375 0.13359375
0 0.69921875 0.7734375 0.18203125 0.153125
0 0.69453125 0.6046875 0.203125 0.18515625
0 0.896875 0.67109375 0.2015625 0.20546875
0 0.88671875 0.8828125 0.2265625 0.2265625
0 0.30078125 0.89609375 0.17109375 0.1484375
0 0.325 0.73984375 0.21484375 0.16640625
0 0.48828125 0.8421875 0.21015625 0.19375
0 0.51640625 0.65859375 0.1515625 0.14609375
0 0.12734375 0.58984375 0.25234375 0.22421875
0 0.103125 0.765625 0.2 0.18203125
0 0.1109375 0.92734375 0.221875 0.1453125
0 0.24375 0.078125 0.24609375 0.15625
0 0.2125 0.22265625 0.1875 0.15
0 0.38046875 0.40390625 0.17421875 0.17734375
0 0.91875 0.5234375 0.1625 0.11875
0 0.91796875 0.375 0.1640625 0.171875
0 0.06171875 0.14609375 0.1234375 0.240625
0 0.65625 0.93125 0.1796875 0.13671875