0 0.86015625 0.8359375 0.19375 0.22265625
0 0.87578125 0.62734375 0.1890625 0.14609375
0 0.9 0.47578125 0.1859375 0.1875
0 0.6203125 0.6890625 0.16796875 0.18203125
0 0.5796875 0.871875 0.146875 0.1484375
0 0.4390625 0.8109375 0.153125 0.165625
0 0.4390625 0.63828125 0.1921875 0.18359375
0 0.18828125 0.9359375 0.1921875 0.128125
0 0.23515625 0.78671875 0.1125 0.1578125
0 0.24296875 0.5703125 0.19375 0.1609375
0 0.28125 0.390625 0.18359375 0.159375
0 0.3109375 0.2515625 0.1859375 0.1484375
0 0.3375 0.0859375 0.19921875 0.171875
0 0.08203125 0.31640625 0.1640625 0.1953125
0 0.06640625 0.4828125 0.1328125 0.15234375
0 0.490625 0.44140625 0.1609375 0.17734375
0 0.6578125 0.48828125 0.16796875 0.15
0 0.68203125 0.31796875 0.2015625 0.18203125
0 0.7296875 0.14921875 0.20546875 0.17578125
0 0.50390625 0.26875 0.1578125 0.13828125
0 0.534375 0.13203125 0.17890625 0.17109375
0 0.0890625 0.14296875 0.178125 0.1515625
0 0.9234375 0.14296875 0.15234375 0.17109375
0 0.3265625 0.81796875 0.09140625 0.1640625