0 0.096875 0.5984375 0.19296875 0.203125
0 0.37890625 0.52890625 0.20703125 0.1859375
0 0.39296875 0.1984375 0.20859375 0.21953125
0 0.153125 0.34921875 0.23125 0.22109375
0 0.59921875 0.4640625 0.240625 0.21953125
0 0.53125 0.65078125 0.2 0.1890625
0 0.51640625 0.821875 0.203125 0.15625
0 0.31484375 0.88828125 0.22421875 0.2015625
0 0.36953125 0.7 0.13515625 0.1234375
0 0.78125 0.6296875 0.18046875 0.1859375
0 0.9125 0.73671875 0.175 0.203125
0 0.721875 0.82890625 0.20859375 0.19375
0 0.7921875 0.40390625 0.17578125 0.17421875
0 0.5953125 0.27578125 0.228125 0.18203125
0 0.8265625 0.24296875 0.20703125 0.190625
0 0.60546875 0.10078125 0.21328125 0.2015625
0 0.85234375 0.0796875 0.2265625 0.159375
0 0.20546875 0.15234375 0.1859375 0.2234375
0 0.06875 0.82421875 0.13671875 0.203125
0 0.85703125 0.91953125 0.203125 0.1609375
0 0.9265625 0.509375 0.146875 0.2015625
0 0.9265625 0.29765625 0.146875 0.21015625
0 0.51875 0.9484375 0.25703125 0.103125