0 0.34921875 0.3265625 0.1984375 0.21484375
0 0.3078125 0.51171875 0.2015625 0.2
0 0.4953125 0.575 0.20234375 0.1875
0 0.47890625 0.7484375 0.17578125 0.16015625
0 0.6578125 0.84375 0.178125 0.17421875
0 0.4296875 0.9078125 0.1875 0.18359375
0 0.86953125 0.94296875 0.1984375 0.1140625
0 0.89140625 0.778125 0.184375 0.17890625
0 0.7 0.6421875 0.1859375 0.15703125
0 0.74140625 0.48046875 0.175 0.1609375
0 0.54609375 0.40390625 0.20234375 0.16484375
0 0.0796875 0.3796875 0.15703125 0.1984375
0 0.11953125 0.18125 0.1703125 0.1734375
0 0.375 0.1328125 0.190625 0.1546875
0 0.58203125 0.0890625 0.19375 0.17734375
0 0.53125 0.24609375 0.1234375 0.125
0 0.740625 0.2546875 0.190625 0.1796875
0 0.76171875 0.07109375 0.165625 0.140625
0 0.25 0.8671875 0.190625 0.15234375
0 0.2703125 0.70234375 0.17421875 0.1765625
0 0.92890625 0.5359375 0.1375 0.16484375
0 0.0625 0.58671875 0.125 0.1578125
0 0.0609375 0.7546875 0.121875 0.196875