0 0.828125 0.490625 0.171875 0.18359375
0 0.80234375 0.64609375 0.165625 0.15
0 0.76796875 0.79375 0.13203125 0.12734375
0 0.74375 0.93125 0.16015625 0.13671875
0 0.57734375 0.8 0.1125 0.12734375
0 0.5625 0.92734375 0.16953125 0.1453125
0 0.4078125 0.8921875 0.1578125 0.1625
0 0.4328125 0.7703125 0.13828125 0.109375
0 0.44453125 0.65 0.1953125 0.14609375
0 0.62421875 0.53046875 0.17265625 0.146875
0 0.4671875 0.51796875 0.15 0.14140625
0 0.646875 0.375 0.1484375 0.13359375
0 0.503125 0.3609375 0.17109375 0.1515625
0 0.5375 0.203125 0.17109375 0.15625
0 0.71796875 0.08359375 0.13828125 0.1578125
0 0.5640625 0.06875 0.17265625 0.13671875
0 0.865625 0.3359375 0.21015625 0.1484375
0 0.90078125 0.18984375 0.1640625 0.13671875
0 0.91796875 0.06875 0.1640625 0.13671875
0 0.3265625 0.1390625 0.1515625 0.17578125
0 0.3203125 0.33203125 0.18359375 0.165625
0 0.3 0.49375 0.17890625 0.1546875
0 0.228125 0.8078125 0.1625 0.1578125
0 0.20390625 0.93984375 0.16640625 0.11953125
0 0.146875 0.11328125 0.17734375 0.16953125
0 0.08515625 0.39375 0.1515625 0.15625
0 0.08046875 0.56328125 0.13046875 0.13515625
0 0.06875 0.734375 0.13671875 0.17421875