0 0.33671875 0.5015625 0.18828125 0.1640625
0 0.3640625 0.3421875 0.22109375 0.17109375
0 0.390625 0.18984375 0.16796875 0.1671875
0 0.64296875 0.1515625 0.1953125 0.1859375
0 0.8171875 0.23671875 0.17734375 0.18515625
0 0.6375 0.34921875 0.18203125 0.1515625
0 0.57109375 0.49296875 0.1921875 0.165625
0 0.74609375 0.5578125 0.22109375 0.1578125
0 0.7875 0.409375 0.1625 0.1578125
0 0.92421875 0.5953125 0.1484375 0.1953125
0 0.7453125 0.70390625 0.21640625 0.17578125
0 0.73125 0.86875 0.2 0.146875
0 0.509375 0.8671875 0.18359375 0.2015625
0 0.53359375 0.67734375 0.1859375 0.14140625
0 0.86875 0.06171875 0.190625 0.1234375
0 0.915625 0.81796875 0.16640625 0.1875
0 0.2421875 0.934375 0.171875 0.13125
0 0.2640625 0.7890625 0.13671875 0.146875
0 0.296875 0.64375 0.17578125 0.14296875
0 0.0703125 0.93125 0.140625 0.1375
0 0.1171875 0.525 0.2015625 0.17578125
0 0.14765625 0.36328125 0.1609375 0.12890625
0 0.2078125 0.0828125 0.16953125 0.15625
0 0.07890625 0.79296875 0.125 0.1203125
0 0.05859375 0.225 0.1171875 0.15234375