0 0.19921875 0.5328125 0.171875 0.18359375
0 0.89453125 0.89609375 0.2109375 0.2078125
0 0.771875 0.7078125 0.2 0.2046875
0 0.921875 0.7359375 0.15546875 0.17734375
0 0.7921875 0.5125 0.11875 0.13203125
0 0.8640625 0.22734375 0.165625 0.1875
0 0.5328125 0.93203125 0.18203125 0.1359375
0 0.56484375 0.8015625 0.14453125 0.14296875
0 0.60234375 0.63203125 0.1890625 0.18203125
0 0.65859375 0.421875 0.2328125 0.1921875
0 0.67265625 0.24375 0.22421875 0.1875
0 0.703125 0.0796875 0.20703125 0.159375
0 0.48984375 0.1609375 0.225 0.1859375
0 0.2703125 0.13203125 0.21640625 0.21015625
0 0.24921875 0.31640625 0.21953125 0.190625
0 0.4046875 0.50546875 0.2296875 0.190625
0 0.46171875 0.3328125 0.1609375 0.1484375
0 0.06015625 0.28828125 0.1203125 0.1921875
0 0.06953125 0.078125 0.1390625 0.15625
0 0.05546875 0.49140625 0.1109375 0.24609375
0 0.1921875 0.69609375 0.2015625 0.196875
0 0.39921875 0.6859375 0.14296875 0.12734375
0 0.3609375 0.8671875 0.18359375 0.2046875
0 0.15234375 0.8734375 0.2234375 0.17265625