0 0.5140625 0.24375 0.20859375 0.2
0 0.54375 0.06796875 0.15 0.13515625
0 0.44453125 0.60625 0.1984375 0.18203125
0 0.43359375 0.82109375 0.190625 0.17265625
0 0.23828125 0.86484375 0.190625 0.13984375
0 0.24765625 0.696875 0.21328125 0.17734375
0 0.24296875 0.55390625 0.20546875 0.17578125
0 0.284375 0.40859375 0.1671875 0.146875
0 0.31015625 0.22578125 0.190625 0.20546875
0 0.15859375 0.146875 0.20546875 0.17421875
0 0.1390625 0.3484375 0.18515625 0.1625
0 0.08515625 0.49921875 0.16953125 0.18203125
0 0.0640625 0.68046875 0.12734375 0.15
0 0.69375 0.7125 0.18515625 0.16796875
0 0.725 0.53671875 0.18515625 0.16796875
0 0.75078125 0.3671875 0.196875 0.1484375
0 0.77265625 0.1984375 0.17890625 0.1890625
0 0.91796875 0.42109375 0.1640625 0.1984375
0 0.91171875 0.61328125 0.1765625 0.15
0 0.89453125 0.765625 0.2109375 0.171875
0 0.67578125 0.90078125 0.17421875 0.17890625
0 0.85 0.909375 0.18046875 0.17890625
0 0.37265625 0.06640625 0.1921875 0.13203125
0 0.81328125 0.04765625 0.13046875 0.09453125
0 0.9515625 0.24609375 0.096875 0.1265625
0 0.96484375 0.0640625 0.0703125 0.121875