0 0.74765625 0.87265625 0.18515625 0.17734375
0 0.75078125 0.6890625 0.1484375 0.1640625
0 0.80625 0.51953125 0.14609375 0.153125
0 0.80625 0.32578125 0.13359375 0.15625
0 0.846875 0.15234375 0.16953125 0.1578125
0 0.934375 0.74765625 0.13125 0.2265625
0 0.50390625 0.7140625 0.21171875 0.16640625
0 0.52734375 0.540625 0.17734375 0.159375
0 0.59296875 0.2484375 0.16953125 0.1640625
0 0.55625 0.38984375 0.1546875 0.12734375
0 0.60625 0.08125 0.18515625 0.1625
0 0.40546875 0.103125 0.225 0.1515625
0 0.3984375 0.2625 0.225 0.165625
0 0.34765625 0.4078125 0.19375 0.1609375
0 0.3234375 0.55625 0.190625 0.1609375
0 0.28203125 0.71484375 0.18515625 0.165625
0 0.46015625 0.88828125 0.2 0.18359375
0 0.26171875 0.8796875 0.1921875 0.17578125
0 0.09609375 0.71328125 0.1921875 0.18359375
0 0.178125 0.4015625 0.17265625 0.17421875
0 0.190625 0.20546875 0.1921875 0.17109375
0 0.08828125 0.90234375 0.1765625 0.1921875