0 0.2203125 0.8765625 0.17578125 0.18359375
0 0.9140625 0.32734375 0.171875 0.1984375
0 0.72421875 0.29140625 0.20703125 0.1859375
0 0.53671875 0.23515625 0.22265625 0.196875
0 0.53125 0.421875 0.2296875 0.17109375
0 0.70625 0.5171875 0.2015625 0.1984375
0 0.48359375 0.578125 0.21953125 0.159375
0 0.69375 0.72109375 0.18203125 0.1890625
0 0.83984375 0.77265625 0.165625 0.18515625
0 0.8578125 0.61171875 0.1078125 0.1109375
0 0.48125 0.75234375 0.21171875 0.17421875
0 0.6265625 0.8921875 0.1890625 0.1859375
0 0.778125 0.953125 0.159375 0.09375
0 0.25078125 0.6859375 0.146875 0.1484375
0 0.31015625 0.51484375 0.13671875 0.13359375
0 0.3046875 0.325 0.12890625 0.13671875
0 0.3375 0.146875 0.16640625 0.1484375
0 0.1171875 0.078125 0.2046875 0.15625
0 0.09140625 0.26328125 0.17421875 0.17421875
0 0.07109375 0.546875 0.125 0.146875
0 0.915625 0.08984375 0.16875 0.1796875