0 0.7984375 0.90234375 0.2046875 0.1953125
0 0.8359375 0.72734375 0.2 0.2015625
0 0.89921875 0.5125 0.2015625 0.234375
0 0.9234375 0.26640625 0.15234375 0.22421875
0 0.721875 0.27265625 0.203125 0.21796875
0 0.76640625 0.11484375 0.2015625 0.16640625
0 0.56171875 0.13671875 0.17734375 0.165625
0 0.51328125 0.36015625 0.20546875 0.20859375
0 0.68359375 0.496875 0.21953125 0.21484375
0 0.478125 0.6453125 0.159375 0.20546875
0 0.64296875 0.696875 0.1984375 0.18359375
0 0.58671875 0.86875 0.20859375 0.19375
0 0.41875 0.846875 0.18203125 0.19375
0 0.240625 0.93125 0.19921875 0.13671875
0 0.078125 0.9078125 0.15625 0.17578125
0 0.265625 0.7640625 0.2015625 0.17890625
0 0.2796875 0.58984375 0.2046875 0.18203125
0 0.1046875 0.67890625 0.1640625 0.228125
0 0.13984375 0.43671875 0.1953125 0.17578125
0 0.1453125 0.240625 0.20859375 0.1859375
0 0.34140625 0.19921875 0.20703125 0.2
0 0.17734375 0.0765625 0.1890625 0.153125
0 0.3875 0.04765625 0.2046875 0.09453125