0 0.29453125 0.89140625 0.2296875 0.2171875
0 0.0953125 0.87265625 0.190625 0.1984375
0 0.34453125 0.71875 0.203125 0.20546875
0 0.38671875 0.5125 0.21796875 0.23125
0 0.44296875 0.2671875 0.20703125 0.234375
0 0.49609375 0.0625 0.2421875 0.125
0 0.2625 0.11171875 0.2 0.1875
0 0.221875 0.275 0.21484375 0.20703125
0 0.1859375 0.49140625 0.21484375 0.234375
0 0.14765625 0.70546875 0.21171875 0.18203125
0 0.5625 0.83125 0.25390625 0.2421875
0 0.596875 0.55234375 0.2328125 0.21484375
0 0.65859375 0.36796875 0.2390625 0.1890625
0 0.68828125 0.1953125 0.23125 0.1953125
0 0.7140625 0.06171875 0.17890625 0.1234375
0 0.89296875 0.18828125 0.203125 0.196875
0 0.86875 0.3765625 0.18515625 0.21796875
0 0.80390625 0.584375 0.2046875 0.21328125
0 0.80390625 0.80234375 0.24375 0.234375
0 0.08125 0.134375 0.1625 0.1875
0 0.90546875 0.0578125 0.1890625 0.115625