0 0.80234375 0.3984375 0.21796875 0.24375
0 0.78359375 0.6125 0.22421875 0.17265625
0 0.74765625 0.7890625 0.24765625 0.22265625
0 0.72265625 0.93515625 0.2265625 0.1296875
0 0.83671875 0.2125 0.1859375 0.18203125
0 0.88828125 0.06640625 0.1921875 0.13203125
0 0.65546875 0.1828125 0.19375 0.1546875
0 0.59296875 0.3609375 0.19375 0.1984375
0 0.58046875 0.53515625 0.17265625 0.165625
0 0.55625 0.72734375 0.22265625 0.1921875
0 0.3484375 0.8328125 0.15 0.20859375
0 0.93046875 0.925 0.1390625 0.15
0 0.4765625 0.13828125 0.17109375 0.18359375
0 0.4234375 0.34453125 0.18671875 0.18203125
0 0.38828125 0.5875 0.21171875 0.1859375
0 0.16953125 0.85 0.21953125 0.22421875
0 0.2046875 0.6375 0.1546875 0.1640625
0 0.24296875 0.4578125 0.20859375 0.2
0 0.26875 0.2578125 0.234375 0.19375
0 0.28203125 0.08984375 0.2234375 0.1796875
0 0.10625 0.1734375 0.16640625 0.2265625
0 0.07421875 0.4015625 0.1484375 0.21015625
0 0.51015625 0.8796875 0.16640625 0.13984375
0 0.08046875 0.5828125 0.1609375 0.17421875