0 0.29453125 0.40390625 0.22421875 0.2328125
0 0.3421875 0.2171875 0.203125 0.18515625
0 0.2796875 0.6140625 0.21953125 0.17265625
0 0.25390625 0.79453125 0.23125 0.22265625
0 0.2234375 0.9390625 0.21796875 0.12109375
0 0.08359375 0.71953125 0.1671875 0.2046875
0 0.084375 0.540625 0.16796875 0.17734375
0 0.09453125 0.3765625 0.1890625 0.196875
0 0.14375 0.19921875 0.203125 0.17578125
0 0.55625 0.3265625 0.24765625 0.2453125
0 0.5328125 0.5625 0.21171875 0.2
0 0.5078125 0.740625 0.2046875 0.1625
0 0.48359375 0.921875 0.24609375 0.15546875
0 0.59609375 0.08046875 0.228125 0.1609375
0 0.3828125 0.06640625 0.2109375 0.1328125
0 0.8 0.090625 0.1875 0.18125
0 0.80625 0.29765625 0.24453125 0.234375
0 0.7578125 0.5140625 0.22109375 0.2015625
0 0.7203125 0.82421875 0.2390625 0.20859375
0 0.7328125 0.66953125 0.24453125 0.18203125
0 0.93046875 0.58359375 0.1390625 0.2265625
0 0.9203125 0.81640625 0.15859375 0.2390625