0 0.5671875 0.65 0.21015625 0.2
0 0.625 0.459375 0.1921875 0.18359375
0 0.5 0.10546875 0.21015625 0.2015625
0 0.89375 0.1625 0.20703125 0.24375
0 0.80859375 0.38046875 0.1953125 0.18359375
0 0.64765625 0.25546875 0.17421875 0.2046875
0 0.46640625 0.3140625 0.203125 0.2015625
0 0.39765625 0.51328125 0.2 0.190625
0 0.36328125 0.7359375 0.1890625 0.2046875
0 0.321875 0.915625 0.18359375 0.16796875
0 0.51015625 0.9046875 0.17890625 0.18984375
0 0.709375 0.8296875 0.24609375 0.1953125
0 0.7625 0.64453125 0.17578125 0.15625
0 0.27109375 0.1890625 0.20859375 0.1921875
0 0.20703125 0.42578125 0.2046875 0.18203125
0 0.19609375 0.6046875 0.22109375 0.20546875
0 0.1421875 0.81640625 0.2328125 0.2296875
0 0.91171875 0.8625 0.13203125 0.14140625
0 0.08203125 0.1109375 0.1640625 0.165625
0 0.05078125 0.4125 0.1015625 0.178125
0 0.7046875 0.0546875 0.19921875 0.109375
0 0.94921875 0.68125 0.1015625 0.16640625