0 0.6140625 0.4875 0.19609375 0.19296875
0 0.8109375 0.49921875 0.2015625 0.21484375
0 0.8578125 0.196875 0.1890625 0.18046875
0 0.6515625 0.2640625 0.20859375 0.2
0 0.56796875 0.7125 0.17734375 0.2015625
0 0.7640625 0.71171875 0.2 0.2265625
0 0.5015625 0.92890625 0.171875 0.1421875
0 0.9125 0.9171875 0.171875 0.165625
0 0.7171875 0.9390625 0.22265625 0.12109375
0 0.9375 0.72578125 0.125 0.1609375
0 0.36796875 0.4109375 0.17734375 0.17890625
0 0.4078125 0.215625 0.203125 0.16640625
0 0.4328125 0.06953125 0.1875 0.1390625
0 0.34765625 0.56796875 0.1546875 0.14140625
0 0.3203125 0.76953125 0.2046875 0.2046875
0 0.115625 0.7375 0.2015625 0.1625
0 0.1046875 0.89609375 0.17265625 0.1546875
0 0.15546875 0.5578125 0.196875 0.18203125
0 0.153125 0.3796875 0.14140625 0.11875
0 0.18671875 0.20859375 0.22109375 0.1953125
0 0.20703125 0.05859375 0.1796875 0.1171875