0 0.11484375 0.4921875 0.18515625 0.2
0 0.30625 0.5 0.1890625 0.1984375
0 0.50859375 0.50546875 0.196875 0.21171875
0 0.6890625 0.6203125 0.196875 0.21640625
0 0.86796875 0.709375 0.190625 0.1890625
0 0.89375 0.5359375 0.1921875 0.18203125
0 0.7265625 0.4 0.17578125 0.17734375
0 0.91796875 0.31875 0.1640625 0.23828125
0 0.75390625 0.2046875 0.18046875 0.18046875
0 0.934375 0.0859375 0.13125 0.17109375
0 0.553125 0.25625 0.20703125 0.17578125
0 0.36015625 0.2015625 0.2 0.17421875
0 0.4 0.05859375 0.1953125 0.1171875
0 0.5875 0.0890625 0.1890625 0.1578125
0 0.153125 0.27421875 0.21015625 0.196875
0 0.0765625 0.71484375 0.15234375 0.171875
0 0.26484375 0.7140625 0.19375 0.21171875
0 0.4578125 0.7234375 0.16953125 0.1609375
0 0.63359375 0.82890625 0.20546875 0.203125
0 0.80078125 0.8828125 0.1625 0.18203125
0 0.41640625 0.9171875 0.1859375 0.165625
0 0.215625 0.94296875 0.21484375 0.11328125