0 0.3859375 0.51953125 0.21015625 0.22578125
0 0.275 0.8765625 0.24609375 0.24609375
0 0.42265625 0.29765625 0.21796875 0.2015625
0 0.45859375 0.1453125 0.21328125 0.18203125
0 0.1234375 0.50078125 0.225 0.196875
0 0.071875 0.85 0.14375 0.19375
0 0.0921875 0.65 0.184375 0.18125
0 0.7109375 0.059375 0.1890625 0.11875
0 0.6921875 0.196875 0.21171875 0.18046875
0 0.65625 0.3671875 0.17109375 0.1484375
0 0.6296875 0.51328125 0.21640625 0.1875
0 0.57578125 0.63046875 0.21328125 0.2
0 0.52109375 0.82109375 0.1953125 0.2265625
0 0.9109375 0.06484375 0.178125 0.12890625
0 0.89296875 0.2234375 0.12734375 0.13671875
0 0.85 0.41171875 0.1578125 0.146875
0 0.81796875 0.575 0.16953125 0.1578125
0 0.76875 0.7359375 0.17578125 0.18359375
0 0.70703125 0.89921875 0.18203125 0.1609375
0 0.91875 0.71484375 0.1625 0.17734375
0 0.14609375 0.31484375 0.14453125 0.13671875