0 0.72421875 0.775 0.178125 0.18203125
0 0.78671875 0.58359375 0.1875 0.196875
0 0.58046875 0.5265625 0.21171875 0.2296875
0 0.63125 0.33125 0.21953125 0.203125
0 0.68828125 0.12265625 0.20703125 0.21796875
0 0.89765625 0.06328125 0.196875 0.1265625
0 0.87109375 0.20078125 0.18359375 0.18515625
0 0.79921875 0.38359375 0.17109375 0.17578125
0 0.92265625 0.6484375 0.15390625 0.20859375
0 0.91171875 0.8265625 0.1765625 0.18359375
0 0.69140625 0.93359375 0.21875 0.1328125
0 0.48125 0.93203125 0.1640625 0.1359375
0 0.50234375 0.7546875 0.19375 0.21484375
0 0.48828125 0.0578125 0.21015625 0.115625
0 0.459375 0.21484375 0.17265625 0.159375
0 0.415625 0.42578125 0.18203125 0.184375
0 0.371875 0.6515625 0.17578125 0.17890625
0 0.32734375 0.85859375 0.1625 0.20546875
0 0.15546875 0.71796875 0.20859375 0.22265625
0 0.21875 0.50234375 0.21484375 0.2265625
0 0.2625 0.2078125 0.20859375 0.21796875
0 0.078125 0.2046875 0.15625 0.19140625
0 0.30546875 0.0578125 0.2 0.115625
0 0.115625 0.0484375 0.21875 0.096875
0 0.0484375 0.446875 0.096875 0.178125
0 0.140625 0.94296875 0.21875 0.1140625