0 0.22265625 0.271875 0.171875 0.18359375
0 0.93125 0.6125 0.1375 0.17890625
0 0.7734375 0.5828125 0.1890625 0.20703125
0 0.740625 0.8015625 0.1859375 0.190625
0 0.9171875 0.859375 0.165625 0.215625
0 0.515625 0.82578125 0.17421875 0.16953125
0 0.5640625 0.63203125 0.190625 0.203125
0 0.6078125 0.4359375 0.203125 0.1953125
0 0.859375 0.31953125 0.26171875 0.20546875
0 0.88359375 0.08203125 0.23203125 0.1640625
0 0.6859375 0.0625 0.17578125 0.125
0 0.64375 0.23203125 0.196875 0.18203125
0 0.46015625 0.1484375 0.22421875 0.21328125
0 0.42421875 0.31484375 0.196875 0.1515625
0 0.375 0.52578125 0.2 0.17734375
0 0.3421875 0.690625 0.1859375 0.1640625
0 0.32265625 0.8390625 0.14453125 0.125
0 0.19375 0.465625 0.20703125 0.1859375
0 0.1578125 0.70703125 0.17734375 0.18515625
0 0.12890625 0.89765625 0.1921875 0.1875
0 0.0875 0.06875 0.175 0.1375
0 0.28515625 0.0875 0.1859375 0.175