0 0.43515625 0.89140625 0.18984375 0.20625
0 0.72265625 0.271875 0.171875 0.18359375
0 0.65703125 0.70390625 0.18203125 0.17890625
0 0.46640625 0.66796875 0.203125 0.2
0 0.8421875 0.6890625 0.18515625 0.16640625
0 0.875 0.52578125 0.2 0.16796875
0 0.68359375 0.478125 0.21640625 0.20703125
0 0.63046875 0.8890625 0.203125 0.1875
0 0.821875 0.8375 0.15625 0.13359375
0 0.90703125 0.315625 0.1859375 0.165625
0 0.92890625 0.13984375 0.1421875 0.1859375
0 0.7875 0.090625 0.1875 0.18125
0 0.57421875 0.06953125 0.2140625 0.1390625
0 0.36796875 0.1640625 0.17734375 0.17734375
0 0.5078125 0.24609375 0.20703125 0.23125
0 0.32734375 0.36015625 0.1859375 0.203125
0 0.48125 0.45546875 0.1609375 0.17109375
0 0.28203125 0.58046875 0.1875 0.2265625
0 0.21328125 0.82421875 0.2046875 0.2296875
0 0.15078125 0.22734375 0.21171875 0.20859375
0 0.13359375 0.48125 0.2015625 0.18515625
0 0.09765625 0.6609375 0.1953125 0.1859375