0 0.12109375 0.5015625 0.2 0.203125
0 0.13125 0.30078125 0.190625 0.18359375
0 0.14765625 0.13046875 0.19375 0.17734375
0 0.3609375 0.15078125 0.18515625 0.20859375
0 0.33046875 0.3953125 0.18046875 0.1890625
0 0.30859375 0.571875 0.16640625 0.18203125
0 0.27109375 0.76328125 0.2 0.17109375
0 0.096875 0.69375 0.1875 0.21328125
0 0.4671875 0.9046875 0.21328125 0.18984375
0 0.48515625 0.678125 0.2015625 0.20546875
0 0.53203125 0.496875 0.146875 0.1265625
0 0.52578125 0.3421875 0.20703125 0.2
0 0.5703125 0.1546875 0.21171875 0.1921875
0 0.76328125 0.08515625 0.2046875 0.16953125
0 0.7140625 0.33359375 0.19375 0.21640625
0 0.69609375 0.55703125 0.18203125 0.1953125
0 0.671875 0.775 0.1859375 0.17109375
0 0.85390625 0.81171875 0.1578125 0.16953125
0 0.8953125 0.6046875 0.1953125 0.18515625
0 0.9234375 0.3984375 0.15234375 0.1796875
0 0.9390625 0.17890625 0.12109375 0.17421875
0 0.07109375 0.87578125 0.1421875 0.1390625