0 0.615625 0.49609375 0.1890625 0.18671875
0 0.63359375 0.29140625 0.1484375 0.13828125
0 0.6515625 0.12265625 0.17890625 0.18203125
0 0.85390625 0.15078125 0.196875 0.203125
0 0.834375 0.39765625 0.17578125 0.1640625
0 0.8125 0.57421875 0.16796875 0.1859375
0 0.7765625 0.76875 0.1890625 0.1640625
0 0.58984375 0.7 0.1875 0.2046875
0 0.54609375 0.865625 0.16640625 0.153125
0 0.928125 0.90078125 0.14375 0.19765625
0 0.46875 0.1078125 0.2046875 0.17109375
0 0.44296875 0.27578125 0.13515625 0.12734375
0 0.4 0.44140625 0.12890625 0.12890625
0 0.37421875 0.6546875 0.1921875 0.196875
0 0.20625 0.6296875 0.16953125 0.18046875
0 0.22265625 0.45859375 0.21015625 0.1625
0 0.2265625 0.3015625 0.1921875 0.17734375
0 0.26328125 0.090625 0.2046875 0.18125
0 0.0765625 0.2484375 0.15234375 0.16015625
0 0.07734375 0.07734375 0.1546875 0.1546875
0 0.36328125 0.80390625 0.12578125 0.1265625