0 0.42578125 0.396875 0.171875 0.18359375
0 0.62890625 0.390625 0.14609375 0.153125
0 0.78046875 0.50546875 0.14609375 0.1515625
0 0.57578125 0.590625 0.18359375 0.18046875
0 0.75546875 0.6875 0.15 0.13984375
0 0.92734375 0.76484375 0.14453125 0.153125
0 0.73671875 0.88125 0.1484375 0.1609375
0 0.5515625 0.81875 0.16796875 0.14140625
0 0.3640625 0.81796875 0.14609375 0.1484375
0 0.384375 0.6015625 0.18046875 0.1875
0 0.471875 0.17265625 0.1890625 0.18359375
0 0.653125 0.2046875 0.165625 0.16640625
0 0.83984375 0.1859375 0.17109375 0.15625
0 0.82421875 0.3375 0.12734375 0.121875
0 0.953125 0.54296875 0.09375 0.125
0 0.87890625 0.0484375 0.1859375 0.09609375
0 0.2234375 0.32734375 0.1875 0.21640625
0 0.27109375 0.08125 0.1875 0.1625
0 0.0921875 0.15 0.18359375 0.19921875
0 0.19609375 0.559375 0.18203125 0.190625
0 0.17578125 0.790625 0.146875 0.13828125
0 0.053125 0.49609375 0.10625 0.17109375