0 0.4828125 0.55 0.2046875 0.203125
0 0.71484375 0.36484375 0.20703125 0.17421875
0 0.6890625 0.56953125 0.2 0.2375
0 0.890625 0.534375 0.21640625 0.18203125
0 0.88203125 0.70625 0.18359375 0.153125
0 0.840625 0.840625 0.196875 0.16953125
0 0.60078125 0.93515625 0.2015625 0.1296875
0 0.61953125 0.78359375 0.190625 0.196875
0 0.4578125 0.72578125 0.1875 0.1984375
0 0.41015625 0.9078125 0.1796875 0.18359375
0 0.271875 0.675 0.1921875 0.18203125
0 0.2359375 0.91015625 0.16796875 0.1796875
0 0.0953125 0.78203125 0.190625 0.21484375
0 0.1125 0.56328125 0.1953125 0.2046875
0 0.12578125 0.3328125 0.1875 0.1875
0 0.1828125 0.0921875 0.25 0.184375
0 0.38125 0.09296875 0.165625 0.1859375
0 0.3359375 0.303125 0.18515625 0.1921875
0 0.52734375 0.32890625 0.2046875 0.21640625
0 0.553125 0.15625 0.16796875 0.146875
0 0.790625 0.07734375 0.2265625 0.1546875
0 0.7796875 0.2140625 0.21328125 0.1515625
0 0.9125 0.33828125 0.17265625 0.153125