0 0.415625 0.8734375 0.17578125 0.18359375
0 0.45859375 0.7 0.153125 0.146875
0 0.6140625 0.84765625 0.16640625 0.16796875
0 0.9 0.63203125 0.19921875 0.203125
0 0.8890625 0.4015625 0.221875 0.246875
0 0.9109375 0.19921875 0.178125 0.1609375
0 0.7515625 0.203125 0.1640625 0.16796875
0 0.703125 0.3609375 0.18359375 0.16953125
0 0.68828125 0.5015625 0.2046875 0.1625
0 0.678125 0.659375 0.25390625 0.2046875
0 0.8125 0.81328125 0.24375 0.190625
0 0.7796875 0.94375 0.21953125 0.11171875
0 0.228125 0.78046875 0.22265625 0.18515625
0 0.26796875 0.60625 0.1578125 0.1484375
0 0.29140625 0.45 0.21328125 0.196875
0 0.4828125 0.49921875 0.20859375 0.2
0 0.5234375 0.31484375 0.21796875 0.1875
0 0.55859375 0.1109375 0.24375 0.1984375
0 0.359375 0.08828125 0.18359375 0.165625
0 0.3125 0.26796875 0.1953125 0.18515625
0 0.15390625 0.103125 0.2390625 0.20546875
0 0.11171875 0.3125 0.20625 0.1921875
0 0.0875 0.5078125 0.175 0.225
0 0.19921875 0.9234375 0.2328125 0.15234375