0 0.41484375 0.36953125 0.2359375 0.21796875
0 0.78359375 0.47890625 0.2296875 0.21953125
0 0.61796875 0.34609375 0.1640625 0.1515625
0 0.81953125 0.30234375 0.25703125 0.18046875
0 0.8875 0.1265625 0.18515625 0.19375
0 0.68203125 0.165625 0.2640625 0.2015625
0 0.4515625 0.18359375 0.21796875 0.21328125
0 0.22578125 0.290625 0.203125 0.16953125
0 0.1921875 0.46875 0.21015625 0.18359375
0 0.41171875 0.590625 0.228125 0.21328125
0 0.59140625 0.6671875 0.2328125 0.2375
0 0.19453125 0.6546875 0.21484375 0.190625
0 0.17421875 0.8109375 0.1859375 0.17109375
0 0.36796875 0.81484375 0.18359375 0.22421875
0 0.54921875 0.85546875 0.20546875 0.1875
0 0.73828125 0.796875 0.21171875 0.19375
0 0.73828125 0.92890625 0.2078125 0.1421875
0 0.08828125 0.0640625 0.1765625 0.128125
0 0.27578125 0.09765625 0.2265625 0.1890625
0 0.05390625 0.221875 0.1078125 0.190625
0 0.746875 0.62890625 0.1265625 0.12734375