0 0.11640625 0.51796875 0.19453125 0.21484375
0 0.2890625 0.559375 0.21796875 0.21796875
0 0.459375 0.46171875 0.1921875 0.18203125
0 0.6828125 0.453125 0.22421875 0.26328125
0 0.4390625 0.64140625 0.159375 0.1953125
0 0.609375 0.75 0.18203125 0.16796875
0 0.83359375 0.8203125 0.2015625 0.1859375
0 0.86875 0.61953125 0.25546875 0.21171875
0 0.90390625 0.2671875 0.19140625 0.17734375
0 0.91171875 0.43203125 0.17109375 0.1640625
0 0.73984375 0.18359375 0.17890625 0.21328125
0 0.578125 0.0984375 0.1984375 0.196875
0 0.38828125 0.09453125 0.2265625 0.17734375
0 0.37421875 0.2921875 0.153125 0.1484375
0 0.53515625 0.2953125 0.1625 0.1515625
0 0.19296875 0.28515625 0.19375 0.21640625
0 0.06796875 0.0953125 0.13515625 0.190625
0 0.10546875 0.72421875 0.20703125 0.16796875
0 0.26796875 0.76484375 0.17578125 0.17734375
0 0.5828125 0.915625 0.17421875 0.1640625
0 0.1 0.92578125 0.19921875 0.1484375
0 0.4109375 0.8609375 0.196875 0.2375