0 0.609375 0.5171875 0.171875 0.18359375
0 0.2109375 0.69375 0.1640625 0.17421875
0 0.16875 0.88203125 0.18515625 0.17734375
0 0.07421875 0.06640625 0.1484375 0.1328125
0 0.05234375 0.23671875 0.1046875 0.1734375
0 0.303125 0.07109375 0.190625 0.1421875
0 0.275 0.2453125 0.1953125 0.1515625
0 0.2453125 0.46328125 0.2 0.22109375
0 0.3703125 0.92109375 0.1578125 0.15703125
0 0.4140625 0.76015625 0.20546875 0.2015625
0 0.4359375 0.63984375 0.21640625 0.12890625
0 0.43515625 0.50234375 0.17265625 0.13671875
0 0.4921875 0.3 0.203125 0.2359375
0 0.4984375 0.09765625 0.2015625 0.16796875
0 0.6953125 0.29609375 0.1890625 0.20703125
0 0.615625 0.7359375 0.17109375 0.165625
0 0.57421875 0.9375 0.203125 0.125
0 0.7875 0.56484375 0.17734375 0.21328125
0 0.7890625 0.7796875 0.13828125 0.15
0 0.93984375 0.47421875 0.11953125 0.1875
0 0.9171875 0.66640625 0.14296875 0.16640625
0 0.8734375 0.2703125 0.19375 0.21640625
0 0.89609375 0.07421875 0.2078125 0.1484375