0 0.8578125 0.47421875 0.22734375 0.1984375
0 0.71875 0.1 0.17265625 0.1640625
0 0.9078125 0.0859375 0.18359375 0.171875
0 0.8890625 0.2671875 0.221875 0.21328125
0 0.8296875 0.64296875 0.1984375 0.17421875
0 0.64609375 0.56171875 0.17421875 0.17421875
0 0.5875 0.74921875 0.1953125 0.190625
0 0.55 0.934375 0.190625 0.13125
0 0.83515625 0.79609375 0.21015625 0.18046875
0 0.40703125 0.68828125 0.17421875 0.165625
0 0.4390625 0.515625 0.165625 0.159375
0 0.4546875 0.29453125 0.17890625 0.17421875
0 0.5015625 0.11875 0.1625 0.14140625
0 0.31796875 0.20703125 0.17578125 0.17421875
0 0.265625 0.403125 0.1890625 0.196875
0 0.225 0.63125 0.17109375 0.2015625
0 0.184375 0.80390625 0.190625 0.1625
0 0.07421875 0.6390625 0.1484375 0.19921875
0 0.0875 0.42734375 0.17421875 0.203125
0 0.1328125 0.18515625 0.2 0.1984375
0 0.37109375 0.8671875 0.17734375 0.159375
0 0.16796875 0.93359375 0.203125 0.1328125
0 0.79375 0.94296875 0.2265625 0.11328125