0 0.77421875 0.609375 0.20625 0.18359375
0 0.5578125 0.634375 0.1640625 0.13984375
0 0.540625 0.77421875 0.17109375 0.17890625
0 0.7390625 0.7796875 0.2046875 0.17109375
0 0.81796875 0.45625 0.22109375 0.1453125
0 0.8296875 0.3109375 0.21171875 0.18046875
0 0.8640625 0.1125 0.24921875 0.21328125
0 0.60234375 0.24765625 0.17734375 0.159375
0 0.5828125 0.42109375 0.17109375 0.17265625
0 0.3765625 0.56484375 0.17890625 0.1984375
0 0.33046875 0.8015625 0.17109375 0.21796875
0 0.13125 0.89375 0.20859375 0.2125
0 0.19921875 0.69140625 0.17265625 0.17734375
0 0.2359375 0.49609375 0.1625 0.1859375
0 0.28203125 0.278125 0.1671875 0.1890625
0 0.27421875 0.0828125 0.21171875 0.165625
0 0.41484375 0.35625 0.1625 0.1890625
0 0.43203125 0.146875 0.16640625 0.2
0 0.0875 0.44765625 0.17421875 0.17734375
0 0.0625 0.6234375 0.125 0.20703125
0 0.9375 0.91953125 0.125 0.1578125
0 0.72109375 0.934375 0.21953125 0.13125
0 0.53125 0.9328125 0.1609375 0.134375
0 0.11171875 0.23203125 0.2 0.17890625