0 0.4171875 0.3609375 0.1921875 0.18046875
0 0.453125 0.11171875 0.18203125 0.18515625
0 0.39453125 0.5375 0.17890625 0.165625
0 0.38359375 0.68203125 0.13671875 0.1203125
0 0.35078125 0.84765625 0.190625 0.1859375
0 0.165625 0.79921875 0.1515625 0.165625
0 0.20703125 0.55703125 0.1984375 0.225
0 0.21015625 0.315625 0.228125 0.1921875
0 0.26875 0.09921875 0.22265625 0.1984375
0 0.7015625 0.1859375 0.1984375 0.20546875
0 0.6921875 0.3921875 0.2296875 0.20703125
0 0.671875 0.6046875 0.21640625 0.21796875
0 0.596875 0.84453125 0.203125 0.21953125
0 0.803125 0.85 0.20546875 0.240625
0 0.8609375 0.65859375 0.21015625 0.19375
0 0.87890625 0.45859375 0.17109375 0.18046875
0 0.90703125 0.24765625 0.1859375 0.23125
0 0.91015625 0.07421875 0.1796875 0.1484375
0 0.0671875 0.18828125 0.13359375 0.12734375
0 0.0828125 0.06953125 0.165625 0.1390625