0 0.35546875 0.4671875 0.22578125 0.18515625
0 0.58828125 0.34609375 0.1640625 0.14609375
0 0.61640625 0.21171875 0.16640625 0.13828125
0 0.63125 0.075 0.1859375 0.146875
0 0.4203125 0.08046875 0.2046875 0.1609375
0 0.37734375 0.2625 0.24375 0.17890625
0 0.21015625 0.0984375 0.1859375 0.16640625
0 0.146875 0.57578125 0.18359375 0.165625
0 0.0984375 0.75546875 0.18203125 0.1921875
0 0.334375 0.8 0.20625 0.1640625
0 0.521875 0.7984375 0.2 0.18515625
0 0.53671875 0.63671875 0.2046875 0.153125
0 0.3296875 0.640625 0.196875 0.17265625
0 0.575 0.50234375 0.18203125 0.1640625
0 0.74453125 0.6671875 0.16953125 0.1953125
0 0.82109375 0.48515625 0.1578125 0.159375
0 0.84609375 0.28984375 0.18046875 0.1953125
0 0.8453125 0.11796875 0.2 0.14609375
0 0.90703125 0.82421875 0.1859375 0.1640625
0 0.9203125 0.65 0.15859375 0.2265625
0 0.50234375 0.94609375 0.18203125 0.1078125
0 0.296875 0.94140625 0.2265625 0.1171875
0 0.884375 0.9453125 0.23046875 0.109375