0 0.20625 0.59296875 0.171875 0.18359375
0 0.475 0.52265625 0.1859375 0.1625
0 0.4046875 0.7484375 0.11875 0.10234375
0 0.5984375 0.69453125 0.196875 0.2
0 0.8015625 0.7078125 0.19375 0.18046875
0 0.79453125 0.93046875 0.17109375 0.121875
0 0.875 0.5015625 0.2 0.2015625
0 0.678125 0.36484375 0.20859375 0.20703125
0 0.484375 0.290625 0.190625 0.17890625
0 0.53984375 0.0875 0.18203125 0.17421875
0 0.7296875 0.175 0.20546875 0.190625
0 0.925 0.22109375 0.15 0.20703125
0 0.18125 0.8078125 0.20859375 0.21171875
0 0.21640625 0.41171875 0.20703125 0.159375
0 0.2703125 0.25390625 0.1890625 0.17109375
0 0.28359375 0.0875 0.1890625 0.17265625
0 0.0875 0.1125 0.175 0.18125
0 0.0640625 0.28984375 0.128125 0.1921875