0 0.4671875 0.634375 0.17578125 0.18359375
0 0.5 0.46953125 0.17421875 0.1640625
0 0.50546875 0.30078125 0.16640625 0.17109375
0 0.540625 0.14140625 0.2015625 0.14140625
0 0.57578125 0.04921875 0.17109375 0.09609375
0 0.4328125 0.84765625 0.1890625 0.17109375
0 0.2484375 0.7796875 0.20546875 0.17734375
0 0.26171875 0.62578125 0.22265625 0.1546875
0 0.28984375 0.471875 0.21015625 0.17734375
0 0.3296875 0.29375 0.196875 0.17578125
0 0.34296875 0.13828125 0.190625 0.1625
0 0.14609375 0.08125 0.165625 0.153125
0 0.09765625 0.25625 0.17421875 0.18203125
0 0.07109375 0.45625 0.1421875 0.16875
0 0.06640625 0.62109375 0.1328125 0.15625
0 0.0625 0.83671875 0.125 0.159375
0 0.6546875 0.87421875 0.19375 0.2046875
0 0.6796875 0.68984375 0.16640625 0.15625
0 0.69140625 0.53515625 0.2046875 0.17109375
0 0.740625 0.16015625 0.165625 0.203125
0 0.91875 0.1453125 0.1625 0.221875
0 0.90390625 0.32890625 0.1921875 0.1453125
0 0.9046875 0.48515625 0.1625 0.13828125
0 0.8828125 0.68984375 0.2 0.18359375
0 0.840625 0.89453125 0.21171875 0.19375