0 0.765625 0.1234375 0.171875 0.18359375
0 0.5171875 0.603125 0.17578125 0.18359375
0 0.5609375 0.11484375 0.16640625 0.1609375
0 0.7578125 0.2984375 0.18203125 0.1578125
0 0.72734375 0.46640625 0.165625 0.1484375
0 0.7 0.6171875 0.153125 0.1234375
0 0.6609375 0.85 0.15 0.1578125
0 0.90703125 0.61171875 0.1484375 0.153125
0 0.9359375 0.40234375 0.128125 0.1296875
0 0.8828125 0.8125 0.1609375 0.17734375
0 0.50078125 0.79609375 0.16953125 0.18046875
0 0.32578125 0.7359375 0.18046875 0.17734375
0 0.27109375 0.91328125 0.1875 0.165625
0 0.3390625 0.53046875 0.17890625 0.1921875
0 0.34921875 0.32265625 0.17890625 0.1953125
0 0.55703125 0.27421875 0.18046875 0.13984375
0 0.53984375 0.4421875 0.18515625 0.1546875
0 0.3609375 0.078125 0.1859375 0.14140625
0 0.1953125 0.19921875 0.165625 0.1484375
0 0.146875 0.40078125 0.17421875 0.20703125
0 0.128125 0.5984375 0.16640625 0.1609375
0 0.09375 0.82734375 0.1546875 0.1546875
0 0.0640625 0.1171875 0.128125 0.171875
0 0.48828125 0.95078125 0.1484375 0.0984375