0 0.2734375 0.56015625 0.1875 0.2078125
0 0.47890625 0.3578125 0.1921875 0.20703125
0 0.475 0.60546875 0.159375 0.165625
0 0.421875 0.796875 0.18046875 0.190625
0 0.590625 0.8171875 0.15625 0.18046875
0 0.634375 0.59140625 0.13046875 0.13984375
0 0.6328125 0.40234375 0.1859375 0.2375
0 0.70546875 0.19453125 0.17265625 0.17890625
0 0.53828125 0.13671875 0.17265625 0.20703125
0 0.8453125 0.078125 0.22265625 0.15625
0 0.8265625 0.31484375 0.18359375 0.20859375
0 0.828125 0.5328125 0.21328125 0.20859375
0 0.825 0.72265625 0.21328125 0.2046875
0 0.78046875 0.90546875 0.2265625 0.16953125
0 0.23984375 0.83828125 0.19375 0.21640625
0 0.29921875 0.34453125 0.1890625 0.2265625
0 0.35703125 0.159375 0.190625 0.18359375
0 0.165625 0.09765625 0.19921875 0.1953125
0 0.09921875 0.3375 0.1921875 0.18515625
0 0.0875 0.53984375 0.17421875 0.19375
0 0.06953125 0.7578125 0.1390625 0.19375