0 0.203125 0.0953125 0.171875 0.18359375
0 0.73046875 0.6390625 0.171875 0.18359375
0 0.7921875 0.43125 0.1875 0.18046875
0 0.81015625 0.20546875 0.16796875 0.17421875
0 0.596875 0.19296875 0.19375 0.17890625
0 0.47421875 0.04921875 0.1484375 0.0984375
0 0.41640625 0.2453125 0.13203125 0.109375
0 0.37265625 0.47265625 0.14453125 0.121875
0 0.3203125 0.67734375 0.1625 0.14453125
0 0.30078125 0.8890625 0.1859375 0.17890625
0 0.50546875 0.91171875 0.1515625 0.14453125
0 0.5265625 0.728125 0.1640625 0.16640625
0 0.54921875 0.5015625 0.1515625 0.16796875
0 0.71953125 0.83203125 0.146875 0.13828125
0 0.909375 0.89140625 0.17890625 0.1484375
0 0.94140625 0.65234375 0.1171875 0.1875
0 0.13671875 0.5046875 0.159375 0.159375
0 0.18125 0.303125 0.1875 0.2046875
0 0.10859375 0.68125 0.190625 0.16953125
0 0.08046875 0.8890625 0.1609375 0.1859375