0 0.76875 0.57265625 0.18515625 0.21796875
0 0.28515625 0.7515625 0.209375 0.203125
0 0.56875 0.54765625 0.16953125 0.13984375
0 0.59453125 0.340625 0.1640625 0.14609375
0 0.671875 0.08984375 0.215625 0.1796875
0 0.8515625 0.1640625 0.1953125 0.1859375
0 0.8 0.353125 0.20546875 0.240625
0 0.746875 0.84375 0.20703125 0.2296875
0 0.92421875 0.8125 0.146875 0.18046875
0 0.5515625 0.759375 0.2015625 0.18515625
0 0.3515625 0.35 0.17734375 0.18046875
0 0.3171875 0.57890625 0.1921875 0.18203125
0 0.26640625 0.91328125 0.1640625 0.1625
0 0.3984375 0.06640625 0.18046875 0.13203125
0 0.390625 0.17734375 0.13203125 0.1234375
0 0.20703125 0.08515625 0.20703125 0.16953125
0 0.16484375 0.2984375 0.13984375 0.1484375
0 0.14296875 0.49375 0.234375 0.18515625
0 0.09765625 0.65234375 0.1953125 0.1875
0 0.0875 0.82421875 0.175 0.1953125