0 0.265625 0.1234375 0.171875 0.18359375
0 0.69609375 0.271875 0.1546875 0.146875
0 0.84765625 0.33125 0.17109375 0.1609375
0 0.8921875 0.10390625 0.17421875 0.153125
0 0.721875 0.08359375 0.17890625 0.1546875
0 0.52265625 0.08203125 0.21015625 0.1546875
0 0.48984375 0.26875 0.165625 0.159375
0 0.4578125 0.425 0.1640625 0.159375
0 0.65625 0.42421875 0.17421875 0.14296875
0 0.796875 0.540625 0.1640625 0.159375
0 0.7796875 0.753125 0.153125 0.1515625
0 0.74375 0.946875 0.15625 0.10625
0 0.55859375 0.9328125 0.146875 0.1203125
0 0.58984375 0.7453125 0.1609375 0.13515625
0 0.61171875 0.5546875 0.146875 0.1171875
0 0.4 0.60859375 0.1625 0.153125
0 0.3796875 0.80390625 0.1640625 0.15625
0 0.14765625 0.8578125 0.17578125 0.15
0 0.209375 0.609375 0.16953125 0.13046875
0 0.2296875 0.459375 0.16796875 0.14609375
0 0.2453125 0.2921875 0.17265625 0.1484375
0 0.071875 0.10703125 0.14375 0.1703125
0 0.0625 0.28515625 0.125 0.140625
0 0.05546875 0.44609375 0.1109375 0.15625
0 0.0421875 0.6203125 0.084375 0.14140625
0 0.94140625 0.82421875 0.1171875 0.125