0 0.23046875 0.6390625 0.171875 0.18359375
0 0.46953125 0.65 0.1640625 0.17265625
0 0.61953125 0.72578125 0.125 0.1109375
0 0.82578125 0.6890625 0.190625 0.1546875
0 0.55390625 0.884375 0.1875 0.19375
0 0.39609375 0.9046875 0.17265625 0.18359375
0 0.7796875 0.88125 0.15 0.1484375
0 0.84609375 0.55390625 0.18359375 0.1578125
0 0.8703125 0.37109375 0.17578125 0.159375
0 0.9078125 0.1828125 0.1625 0.16640625
0 0.71640625 0.128125 0.18046875 0.19375
0 0.55546875 0.14296875 0.18203125 0.16796875
0 0.5234375 0.39453125 0.2 0.21171875
0 0.684375 0.3125 0.17578125 0.165625
0 0.67734375 0.5 0.159375 0.18046875
0 0.2953125 0.44140625 0.196875 0.18046875
0 0.0703125 0.49765625 0.140625 0.2015625
0 0.30546875 0.19453125 0.190625 0.17265625
0 0.109375 0.19375 0.20703125 0.1984375
0 0.221875 0.8328125 0.1546875 0.13984375
0 0.05859375 0.7359375 0.1171875 0.17109375
0 0.0484375 0.9203125 0.09609375 0.14296875