0 0.64609375 0.59765625 0.19921875 0.209375
0 0.5171875 0.103125 0.17578125 0.18359375
0 0.23984375 0.5984375 0.21328125 0.1953125
0 0.50234375 0.3171875 0.16953125 0.2046875
0 0.0734375 0.553125 0.14140625 0.1890625
0 0.090625 0.31796875 0.1578125 0.17265625
0 0.13125 0.08984375 0.16796875 0.1796875
0 0.32421875 0.07421875 0.234375 0.1484375
0 0.33359375 0.221875 0.22265625 0.17265625
0 0.27890625 0.39609375 0.21796875 0.17265625
0 0.46328125 0.50859375 0.20546875 0.17890625
0 0.65703125 0.378125 0.19375 0.1875
0 0.43046875 0.7328125 0.18515625 0.20546875
0 0.5921875 0.803125 0.18046875 0.21171875
0 0.43125 0.9234375 0.18046875 0.15234375
0 0.225 0.7953125 0.21796875 0.17890625
0 0.82109375 0.90703125 0.16953125 0.1546875
0 0.8390625 0.68984375 0.1546875 0.14453125
0 0.8765625 0.50078125 0.1515625 0.13984375
0 0.8671875 0.31875 0.1984375 0.1890625
0 0.90390625 0.10390625 0.18515625 0.1859375
0 0.70546875 0.11484375 0.190625 0.1515625