0 0.521875 0.4703125 0.17578125 0.18359375
0 0.1890625 0.74609375 0.17578125 0.1875
0 0.2890625 0.2484375 0.171875 0.18359375
0 0.9 0.540625 0.17578125 0.18359375
0 0.8796875 0.75 0.16953125 0.18046875
0 0.840625 0.91796875 0.196875 0.1640625
0 0.63359375 0.91171875 0.16953125 0.1765625
0 0.43359375 0.88984375 0.18203125 0.17265625
0 0.6703125 0.7015625 0.22265625 0.2046875
0 0.47578125 0.703125 0.18203125 0.153125
0 0.740625 0.3390625 0.1921875 0.22421875
0 0.921875 0.29453125 0.1546875 0.1890625
0 0.78203125 0.090625 0.2046875 0.18125
0 0.9390625 0.1078125 0.12109375 0.21328125
0 0.56484375 0.07109375 0.2171875 0.1421875
0 0.3140625 0.10390625 0.2015625 0.15625
0 0.26953125 0.41484375 0.16640625 0.159375
0 0.2109375 0.5640625 0.22109375 0.17578125
0 0.18359375 0.9265625 0.1984375 0.146875
0 0.078125 0.52421875 0.15625 0.1890625
0 0.08828125 0.3203125 0.1765625 0.19375
0 0.54921875 0.25703125 0.196875 0.18046875
0 0.09609375 0.14296875 0.1921875 0.15625