0 0.58203125 0.5765625 0.171875 0.18359375
0 0.815625 0.65390625 0.15625 0.15625
0 0.8625 0.4078125 0.165625 0.1609375
0 0.871875 0.22890625 0.1546875 0.1578125
0 0.6515625 0.1796875 0.17265625 0.1640625
0 0.625 0.36796875 0.15625 0.15
0 0.57734375 0.77109375 0.1578125 0.15625
0 0.36953125 0.91796875 0.16796875 0.15625
0 0.378125 0.7125 0.17265625 0.1859375
0 0.42109375 0.44921875 0.17890625 0.17109375
0 0.45 0.2234375 0.17578125 0.190625
0 0.26328125 0.23203125 0.17734375 0.19375
0 0.21953125 0.43046875 0.17421875 0.16640625
0 0.17265625 0.7296875 0.1984375 0.22109375
0 0.071875 0.26796875 0.14375 0.1890625
0 0.78671875 0.8671875 0.14296875 0.1625