0 0.5328125 0.50625 0.17578125 0.18359375
0 0.6890625 0.74609375 0.17578125 0.1875
0 0.084375 0.5765625 0.16796875 0.18359375
0 0.7890625 0.2484375 0.171875 0.18359375
0 0.57265625 0.33046875 0.17109375 0.15625
0 0.59609375 0.171875 0.18046875 0.13671875
0 0.42890625 0.06875 0.1765625 0.1375
0 0.378125 0.234375 0.203125 0.18046875
0 0.3703125 0.4328125 0.196875 0.18359375
0 0.303125 0.63359375 0.1921875 0.1875
0 0.4703125 0.7125 0.18046875 0.17265625
0 0.475 0.934375 0.159375 0.13125
0 0.6734375 0.93359375 0.16015625 0.1328125
0 0.92578125 0.89140625 0.1484375 0.13984375
0 0.29140625 0.8515625 0.146875 0.146875
0 0.953125 0.7046875 0.09375 0.11328125
0 0.07890625 0.7640625 0.1515625 0.1609375
0 0.13203125 0.36015625 0.1890625 0.14609375
0 0.14609375 0.1734375 0.1921875 0.19375
0 0.8171875 0.07890625 0.17734375 0.14296875