0 0.23046875 0.1390625 0.171875 0.18359375
0 0.5546875 0.615625 0.171875 0.18359375
0 0.9078125 0.846875 0.1265625 0.13046875
0 0.93046875 0.6828125 0.1390625 0.13984375
0 0.73515625 0.5828125 0.14296875 0.14140625
0 0.77265625 0.38984375 0.1515625 0.12734375
0 0.825 0.18828125 0.159375 0.1484375
0 0.6703125 0.78828125 0.12890625 0.115625
0 0.5203125 0.8734375 0.14609375 0.13984375
0 0.38203125 0.64609375 0.1609375 0.146875
0 0.3453125 0.8203125 0.153125 0.146875
0 0.39765625 0.39765625 0.16953125 0.1640625
0 0.5671875 0.38828125 0.17265625 0.17890625
0 0.62578125 0.2234375 0.14296875 0.1125
0 0.47109375 0.159375 0.1875 0.16796875
0 0.21875 0.3359375 0.1609375 0.14296875
0 0.17109375 0.5515625 0.18046875 0.1625
0 0.14609375 0.7203125 0.159375 0.18515625
0 0.1171875 0.9234375 0.1484375 0.15234375
0 0.05234375 0.24140625 0.1046875 0.1140625
0 0.04921875 0.41875 0.0984375 0.121875