0 0.22265625 0.81875 0.171875 0.18359375
0 0.73046875 0.1390625 0.171875 0.18359375
0 0.7125 0.3296875 0.16640625 0.13359375
0 0.903125 0.40625 0.1625 0.1640625
0 0.94296875 0.15703125 0.1140625 0.1671875
0 0.521875 0.22890625 0.190625 0.16953125
0 0.3296875 0.1859375 0.16953125 0.1484375
0 0.30546875 0.39765625 0.18515625 0.18203125
0 0.50703125 0.40859375 0.16640625 0.1625
0 0.671875 0.55546875 0.18359375 0.1484375
0 0.9015625 0.66171875 0.19609375 0.1546875
0 0.8515625 0.82421875 0.1625 0.14609375
0 0.6109375 0.921875 0.1515625 0.14609375
0 0.65625 0.71640625 0.16796875 0.18359375
0 0.4671875 0.64765625 0.20703125 0.18359375
0 0.4640625 0.7890625 0.165625 0.13828125
0 0.428125 0.9484375 0.165625 0.103125
0 0.2671875 0.95 0.14453125 0.1
0 0.05234375 0.78984375 0.1046875 0.1859375
0 0.2453125 0.59453125 0.16640625 0.16640625
0 0.07734375 0.55859375 0.1546875 0.159375
0 0.10625 0.1859375 0.190625 0.1515625
0 0.08046875 0.38203125 0.1609375 0.2