0 0.4 0.540625 0.17578125 0.18359375
0 0.740625 0.5953125 0.17578125 0.18359375
0 0.575 0.54296875 0.13359375 0.14296875
0 0.384375 0.7515625 0.1625 0.1578125
0 0.7203125 0.8078125 0.17578125 0.1578125
0 0.33984375 0.91796875 0.203125 0.1640625
0 0.15859375 0.69375 0.18203125 0.1921875
0 0.14375 0.921875 0.16953125 0.1515625
0 0.24609375 0.33671875 0.1859375 0.2015625
0 0.4234375 0.2953125 0.15625 0.17890625
0 0.590625 0.33125 0.14453125 0.1875
0 0.771875 0.396875 0.17578125 0.16796875
0 0.9234375 0.725 0.15234375 0.15234375
0 0.9265625 0.92734375 0.146875 0.1453125
0 0.9390625 0.525 0.12109375 0.14453125
0 0.51953125 0.9296875 0.13515625 0.140625
0 0.059375 0.484375 0.11875 0.18515625
0 0.06640625 0.25390625 0.13203125 0.153125
0 0.08828125 0.06796875 0.1765625 0.1359375
0 0.278125 0.096875 0.1859375 0.13984375
0 0.4765625 0.0984375 0.1859375 0.16953125
0 0.64140625 0.10703125 0.14140625 0.14140625
0 0.825 0.225 0.22265625 0.1625
0 0.83203125 0.06328125 0.2015625 0.1265625