0 0.73125 0.81875 0.18828125 0.18359375
0 0.74765625 0.59375 0.17890625 0.17109375
0 0.934375 0.63125 0.13125 0.1859375
0 0.81171875 0.38359375 0.18203125 0.1875
0 0.82265625 0.1828125 0.17890625 0.16640625
0 0.59921875 0.17890625 0.1890625 0.17109375
0 0.5609375 0.38359375 0.2 0.20546875
0 0.55 0.57578125 0.21640625 0.1859375
0 0.5296875 0.7953125 0.18515625 0.1875
0 0.3140625 0.81953125 0.1953125 0.18515625
0 0.1453125 0.8078125 0.1578125 0.1578125
0 0.15078125 0.6078125 0.21171875 0.18515625
0 0.3375 0.66484375 0.2 0.16953125
0 0.35625 0.50859375 0.1921875 0.17578125
0 0.209375 0.321875 0.17890625 0.21484375
0 0.37578125 0.35234375 0.18046875 0.16953125
0 0.4015625 0.17890625 0.196875 0.18046875
0 0.25 0.07734375 0.1515625 0.13671875
0 0.0765625 0.05859375 0.15234375 0.1171875