0 0.4671875 0.134375 0.17578125 0.18359375
0 0.7984375 0.571875 0.17578125 0.18359375
0 0.61015625 0.59453125 0.22265625 0.19375
0 0.65390625 0.36640625 0.21015625 0.225
0 0.85625 0.38515625 0.21015625 0.203125
0 0.60390625 0.759375 0.16796875 0.13359375
0 0.7671875 0.79765625 0.17265625 0.1890625
0 0.60390625 0.89921875 0.1890625 0.1875
0 0.31953125 0.82109375 0.20859375 0.17578125
0 0.36328125 0.64921875 0.159375 0.165625
0 0.3921875 0.49375 0.1265625 0.121875
0 0.44453125 0.34453125 0.18046875 0.18515625
0 0.2546875 0.2921875 0.2359375 0.22109375
0 0.23828125 0.515625 0.21171875 0.2375
0 0.153125 0.73359375 0.2046875 0.20546875
0 0.1265625 0.92734375 0.18359375 0.1453125
0 0.05859375 0.3359375 0.1171875 0.171875
0 0.071875 0.125 0.14375 0.140625
0 0.259375 0.10546875 0.24453125 0.15
0 0.67265625 0.19296875 0.20546875 0.1578125
0 0.88359375 0.18203125 0.21640625 0.2046875
0 0.6921875 0.0671875 0.21171875 0.13359375
0 0.92734375 0.921875 0.1453125 0.15625