0 0.28125 0.803125 0.171875 0.18359375
0 0.34296875 0.61484375 0.1640625 0.15625
0 0.42421875 0.26171875 0.17265625 0.1921875
0 0.48125 0.08984375 0.20859375 0.165625
0 0.21875 0.13203125 0.196875 0.16796875
0 0.17421875 0.41875 0.24921875 0.20546875
0 0.10625 0.6359375 0.21171875 0.19375
0 0.60390625 0.52578125 0.21328125 0.1859375
0 0.759375 0.6546875 0.18515625 0.2
0 0.56171875 0.70078125 0.2046875 0.18515625
0 0.81875 0.43125 0.17109375 0.1921875
0 0.6515625 0.315625 0.2359375 0.22265625
0 0.696875 0.1015625 0.19921875 0.203125
0 0.86015625 0.23046875 0.203125 0.19375
0 0.9265625 0.6203125 0.146875 0.18046875
0 0.9140625 0.8296875 0.171875 0.19140625
0 0.73125 0.846875 0.196875 0.190625
0 0.5234375 0.86328125 0.19375 0.14609375
0 0.046875 0.9078125 0.09375 0.18359375
0 0.2546875 0.9578125 0.1875 0.084375