0 0.56875 0.165625 0.17578125 0.18359375
0 0.76328125 0.146875 0.1625 0.13984375
0 0.7234375 0.33046875 0.21171875 0.17109375
0 0.5109375 0.3984375 0.165625 0.1625
0 0.3234375 0.42421875 0.17890625 0.1640625
0 0.65625 0.55703125 0.1984375 0.17421875
0 0.45625 0.5953125 0.17265625 0.18359375
0 0.2546875 0.64453125 0.17578125 0.17734375
0 0.09765625 0.52421875 0.17421875 0.17109375
0 0.14453125 0.3109375 0.1953125 0.16796875
0 0.36875 0.234375 0.17578125 0.16796875
0 0.19921875 0.1078125 0.196875 0.18203125
0 0.92265625 0.3734375 0.13515625 0.14296875
0 0.87578125 0.56953125 0.1953125 0.1890625
0 0.8734375 0.76484375 0.20859375 0.18046875
0 0.62109375 0.7640625 0.21171875 0.2
0 0.4203125 0.81875 0.165625 0.153125
0 0.23984375 0.84375 0.16953125 0.1609375
0 0.08125 0.703125 0.146875 0.15
0 0.778125 0.9359375 0.165625 0.128125
0 0.39453125 0.0484375 0.1640625 0.096875