0 0.78125 0.803125 0.171875 0.18359375
0 0.85078125 0.61171875 0.1484375 0.15625
0 0.6609375 0.41484375 0.240625 0.1984375
0 0.60078125 0.64765625 0.21640625 0.16796875
0 0.91484375 0.27265625 0.1703125 0.1875
0 0.7109375 0.13359375 0.21328125 0.165625
0 0.93125 0.08984375 0.13671875 0.1796875
0 0.46875 0.084375 0.2421875 0.16796875
0 0.30390625 0.1625 0.21484375 0.20703125
0 0.1125 0.128125 0.21328125 0.1515625
0 0.115625 0.28046875 0.21015625 0.18515625
0 0.4328125 0.3359375 0.21015625 0.22109375
0 0.2609375 0.4109375 0.25703125 0.2265625
0 0.3703125 0.57265625 0.203125 0.2046875
0 0.1890625 0.58984375 0.1859375 0.21171875
0 0.0625 0.4859375 0.125 0.20703125
0 0.13671875 0.81875 0.18359375 0.1890625
0 0.32578125 0.790625 0.228125 0.21484375
0 0.51484375 0.90390625 0.2109375 0.1921875