0 0.85 0.7203125 0.17578125 0.18359375
0 0.20078125 0.153125 0.16953125 0.13515625
0 0.3609375 0.13359375 0.1140625 0.09609375
0 0.36171875 0.3453125 0.159375 0.153125
0 0.16875 0.34140625 0.14296875 0.17109375
0 0.1640625 0.52421875 0.16796875 0.15625
0 0.3453125 0.49375 0.14140625 0.12734375
0 0.32109375 0.6953125 0.14296875 0.13828125
0 0.13125 0.69453125 0.13671875 0.14296875
0 0.2609375 0.94375 0.11875 0.11171875
0 0.0734375 0.88046875 0.146875 0.16796875
0 0.490625 0.90078125 0.1578125 0.190625
0 0.653125 0.88671875 0.18515625 0.1921875
0 0.85234375 0.9 0.203125 0.16796875
0 0.671875 0.6953125 0.17421875 0.15625
0 0.5015625 0.70078125 0.159375 0.16640625
0 0.5359375 0.4828125 0.14609375 0.21171875
0 0.7 0.5421875 0.18359375 0.21328125
0 0.9171875 0.575 0.165625 0.121875
0 0.890625 0.4328125 0.17734375 0.15625
0 0.7328125 0.33828125 0.17265625 0.18046875
0 0.90390625 0.28203125 0.1921875 0.1671875
0 0.56171875 0.290625 0.15625 0.13984375
0 0.55625 0.13984375 0.2328125 0.15625
0 0.91171875 0.08125 0.1765625 0.1625
0 0.759375 0.053125 0.20703125 0.10546875