0 0.49609375 0.709375 0.171875 0.18359375
0 0.75859375 0.53828125 0.14453125 0.13984375
0 0.8 0.3578125 0.14609375 0.15625
0 0.82109375 0.1453125 0.16953125 0.18203125
0 0.6078125 0.08515625 0.17890625 0.1515625
0 0.5765625 0.27109375 0.165625 0.1515625
0 0.55078125 0.46875 0.17578125 0.159375
0 0.44375 0.8859375 0.13359375 0.13046875
0 0.7125 0.7859375 0.165625 0.17421875
0 0.90546875 0.8296875 0.18203125 0.17578125
0 0.92109375 0.6234375 0.15703125 0.165625
0 0.95078125 0.42734375 0.0984375 0.1359375
0 0.3265625 0.6921875 0.1609375 0.1578125
0 0.2859375 0.8796875 0.1875 0.18515625
0 0.0953125 0.7296875 0.13984375 0.1515625
0 0.14921875 0.53671875 0.18515625 0.17421875
0 0.37109375 0.4453125 0.1953125 0.203125
0 0.378125 0.2203125 0.20546875 0.19375
0 0.1765625 0.22421875 0.190625 0.21953125
0 0.071875 0.93828125 0.14375 0.1234375