0 0.5546875 0.115625 0.171875 0.18359375
0 0.3859375 0.15390625 0.17421875 0.1640625
0 0.3515625 0.31640625 0.16796875 0.1484375
0 0.5234375 0.36015625 0.1546875 0.14609375
0 0.6734375 0.2828125 0.10078125 0.1078125
0 0.74453125 0.0828125 0.17578125 0.159375
0 0.6578125 0.4984375 0.1921875 0.17421875
0 0.63046875 0.7203125 0.17578125 0.1875
0 0.584375 0.93125 0.159375 0.1375
0 0.38671875 0.92421875 0.196875 0.15078125
0 0.44375 0.73984375 0.16640625 0.1640625
0 0.45 0.56953125 0.19375 0.18359375
0 0.28046875 0.53125 0.196875 0.1578125
0 0.265625 0.771875 0.2015625 0.19375
0 0.078125 0.80859375 0.15625 0.1875
0 0.09765625 0.621875 0.1953125 0.17421875
0 0.11015625 0.4328125 0.1875 0.15625
0 0.159375 0.21875 0.1921875 0.19375
0 0.16796875 0.05859375 0.225 0.1171875
0 0.94296875 0.059375 0.11328125 0.11875
0 0.92421875 0.203125 0.15078125 0.153125
0 0.9046875 0.36484375 0.18046875 0.14140625
0 0.884375 0.50546875 0.19375 0.16640625
0 0.86953125 0.653125 0.20703125 0.13984375
0 0.82421875 0.79921875 0.21171875 0.18046875