0 0.140625 0.58203125 0.171875 0.1875
0 0.33671875 0.59296875 0.1625 0.16640625
0 0.54140625 0.60234375 0.1546875 0.153125
0 0.5140625 0.77890625 0.21015625 0.1875
0 0.3203125 0.84921875 0.1953125 0.2015625
0 0.10859375 0.8375 0.2 0.17265625
0 0.70703125 0.49453125 0.19375 0.1859375
0 0.54375 0.39921875 0.1921875 0.1875
0 0.371875 0.3953125 0.16953125 0.146875
0 0.17421875 0.390625 0.17109375 0.159375
0 0.21953125 0.17890625 0.1859375 0.17734375
0 0.40859375 0.2296875 0.18046875 0.17109375
0 0.58359375 0.2171875 0.1578125 0.1609375
0 0.76875 0.303125 0.203125 0.1859375
0 0.90234375 0.7203125 0.1609375 0.18515625
0 0.92578125 0.528125 0.1484375 0.14609375
0 0.79453125 0.1171875 0.1859375 0.153125
0 0.60703125 0.065625 0.17421875 0.125
0 0.4203125 0.059375 0.1640625 0.11875
0 0.721875 0.90390625 0.12734375 0.125
0 0.91015625 0.93359375 0.1796875 0.1328125