0 0.2578125 0.8109375 0.171875 0.18359375
0 0.6328125 0.74375 0.171875 0.18359375
0 0.1171875 0.4234375 0.171875 0.18359375
0 0.703125 0.509375 0.171875 0.18359375
0 0.740625 0.0953125 0.17578125 0.18359375
0 0.91484375 0.4109375 0.13828125 0.121875
0 0.728125 0.309375 0.17890625 0.14453125
0 0.50390625 0.446875 0.1515625 0.13046875
0 0.32265625 0.4265625 0.1921875 0.17109375
0 0.3796875 0.23984375 0.18203125 0.1578125
0 0.17890625 0.215625 0.17734375 0.18515625
0 0.2828125 0.6109375 0.17421875 0.16953125
0 0.4859375 0.61640625 0.13671875 0.13671875
0 0.828125 0.8546875 0.15625 0.14453125
0 0.415625 0.8890625 0.12734375 0.12890625
0 0.0625 0.8421875 0.125 0.12890625
0 0.08828125 0.6484375 0.15625 0.16953125
0 0.37578125 0.0578125 0.1859375 0.115625
0 0.61640625 0.91484375 0.13984375 0.1171875
0 0.90078125 0.5453125 0.121875 0.1171875
0 0.57265625 0.06484375 0.1171875 0.1171875