0 0.35 0.7203125 0.17578125 0.18359375
0 0.62265625 0.64140625 0.1125 0.09921875
0 0.64296875 0.48203125 0.14140625 0.12890625
0 0.59765625 0.87109375 0.1265625 0.13515625
0 0.75390625 0.909375 0.14453125 0.14609375
0 0.7921875 0.7140625 0.1546875 0.13984375
0 0.80390625 0.484375 0.146875 0.13984375
0 0.81015625 0.328125 0.159375 0.1546875
0 0.85859375 0.17734375 0.1609375 0.13515625
0 0.67578125 0.12109375 0.17421875 0.14609375
0 0.6421875 0.3109375 0.13671875 0.1171875
0 0.94375 0.88125 0.11171875 0.13046875
0 0.41484375 0.56640625 0.13203125 0.1078125
0 0.39453125 0.4421875 0.13046875 0.13046875
0 0.40703125 0.29453125 0.146875 0.1234375
0 0.43515625 0.08671875 0.1640625 0.14609375
0 0.23515625 0.321875 0.1546875 0.13046875
0 0.1890625 0.53984375 0.16796875 0.13984375
0 0.165625 0.70625 0.14296875 0.1203125
0 0.15078125 0.89296875 0.1609375 0.13984375
0 0.35703125 0.90703125 0.1578125 0.14609375
0 0.06875 0.12890625 0.13671875 0.1484375
0 0.9609375 0.69375 0.078125 0.09765625