0 0.53125 0.8109375 0.171875 0.18359375
0 0.22265625 0.31875 0.171875 0.18359375
0 0.46953125 0.12890625 0.16953125 0.15
0 0.45625 0.2859375 0.14609375 0.13671875
0 0.425 0.48359375 0.15625 0.146875
0 0.38359375 0.6640625 0.16953125 0.159375
0 0.22578125 0.62578125 0.1546875 0.1609375
0 0.26640625 0.47421875 0.1578125 0.13359375
0 0.24140625 0.1 0.1609375 0.1578125
0 0.678125 0.06875 0.1609375 0.13359375
0 0.63984375 0.21875 0.15 0.17265625
0 0.60859375 0.4265625 0.159375 0.15
0 0.58828125 0.63359375 0.17265625 0.1546875
0 0.20390625 0.82421875 0.17265625 0.1515625
0 0.36484375 0.8265625 0.17109375 0.17421875
0 0.76875 0.7640625 0.1515625 0.16953125
0 0.90546875 0.93359375 0.16640625 0.1328125
0 0.93984375 0.74140625 0.11953125 0.121875
0 0.93125 0.571875 0.1375 0.1578125
0 0.7828125 0.5328125 0.17734375 0.1609375
0 0.85 0.328125 0.17265625 0.1578125
0 0.8828125 0.15078125 0.190625 0.16953125