0 0.640625 0.58203125 0.171875 0.1875
0 0.14453125 0.1078125 0.171875 0.18359375
0 0.259375 0.56875 0.17578125 0.18359375
0 0.6828125 0.38125 0.16640625 0.13828125
0 0.70625 0.17421875 0.15 0.15
0 0.915625 0.04921875 0.16875 0.0984375
0 0.9078125 0.22890625 0.1484375 0.13984375
0 0.8203125 0.56875 0.13203125 0.1609375
0 0.87421875 0.38359375 0.14453125 0.14609375
0 0.81015625 0.8328125 0.165625 0.1578125
0 0.61484375 0.8375 0.17421875 0.1484375
0 0.41484375 0.840625 0.165625 0.14609375
0 0.4484375 0.63984375 0.17890625 0.159375
0 0.4921875 0.45078125 0.1515625 0.153125
0 0.5078125 0.234375 0.18359375 0.17734375
0 0.33984375 0.19453125 0.18046875 0.1578125
0 0.3015625 0.396875 0.18203125 0.1859375
0 0.08125 0.30546875 0.1625 0.1875
0 0.0734375 0.521875 0.146875 0.121875
0 0.22890625 0.7734375 0.17265625 0.17421875