0 0.7578125 0.3109375 0.171875 0.18359375
0 0.3375 0.5015625 0.17578125 0.18359375
0 0.81953125 0.753125 0.15546875 0.17734375
0 0.55546875 0.35390625 0.1640625 0.14609375
0 0.51015625 0.571875 0.18515625 0.190625
0 0.71328125 0.54296875 0.153125 0.16953125
0 0.9265625 0.3859375 0.14296875 0.165625
0 0.6796875 0.715625 0.1484375 0.14609375
0 0.94296875 0.83984375 0.11328125 0.1890625
0 0.446875 0.8109375 0.14609375 0.17890625
0 0.615625 0.89375 0.153125 0.16796875
0 0.7796875 0.9421875 0.13828125 0.11484375
0 0.91875 0.51875 0.1125 0.09453125
0 0.7890625 0.12265625 0.18359375 0.203125
0 0.59296875 0.14296875 0.1875 0.2015625
0 0.39453125 0.1109375 0.19375 0.21953125
0 0.36484375 0.31328125 0.1953125 0.17265625
0 0.09296875 0.33359375 0.1859375 0.1625
0 0.1375 0.14921875 0.2265625 0.18515625
0 0.0765625 0.525 0.153125 0.1640625
0 0.071875 0.73203125 0.14375 0.1984375
0 0.2875 0.771875 0.16953125 0.1890625