0 0.5 0.74375 0.171875 0.18359375
0 0.8375 0.5015625 0.17578125 0.18359375
0 0.42578125 0.1234375 0.171875 0.18359375
0 0.8921875 0.10703125 0.18046875 0.17734375
0 0.86640625 0.309375 0.1640625 0.14140625
0 0.78203125 0.76484375 0.14609375 0.146875
0 0.946875 0.81875 0.10546875 0.15234375
0 0.56171875 0.509375 0.15 0.146875
0 0.59375 0.3390625 0.159375 0.14609375
0 0.64296875 0.1390625 0.2015625 0.17578125
0 0.40390625 0.328125 0.2046875 0.190625
0 0.36640625 0.52265625 0.15625 0.15
0 0.3171875 0.71875 0.1984375 0.2
0 0.30703125 0.94375 0.13671875 0.11171875
0 0.4765625 0.94140625 0.140625 0.1171875
0 0.1140625 0.94609375 0.165625 0.1078125
0 0.13515625 0.734375 0.165625 0.17734375
0 0.1859375 0.51328125 0.159375 0.1640625
0 0.20625 0.275 0.1875 0.17421875
0 0.23125 0.0609375 0.2015625 0.121875
0 0.05703125 0.2 0.1140625 0.1890625