0 0.52734375 0.36875 0.171875 0.18359375
0 0.50703125 0.53671875 0.14296875 0.15
0 0.46875 0.7265625 0.165625 0.18203125
0 0.4203125 0.92578125 0.2 0.1484375
0 0.56953125 0.153125 0.16796875 0.16796875
0 0.8046875 0.09921875 0.17890625 0.153125
0 0.76640625 0.259375 0.20703125 0.1515625
0 0.7171875 0.446875 0.21171875 0.196875
0 0.66953125 0.63671875 0.18203125 0.153125
0 0.64375 0.81484375 0.16953125 0.1640625
0 0.6125 0.95390625 0.1609375 0.0921875
0 0.92734375 0.91328125 0.1453125 0.1328125
0 0.9328125 0.703125 0.134375 0.1890625
0 0.33203125 0.30234375 0.17109375 0.15
0 0.23125 0.82265625 0.1984375 0.13359375
0 0.0765625 0.465625 0.153125 0.15
0 0.12421875 0.22421875 0.17265625 0.1625
0 0.39296875 0.15390625 0.1609375 0.1609375
0 0.159375 0.04609375 0.1984375 0.09140625
0 0.05234375 0.68515625 0.1046875 0.0984375
0 0.05546875 0.92265625 0.1109375 0.15390625