0 0.85 0.2203125 0.17578125 0.18359375
0 0.8515625 0.40234375 0.17109375 0.15625
0 0.8390625 0.57265625 0.16640625 0.146875
0 0.79140625 0.73828125 0.17421875 0.13671875
0 0.76171875 0.89765625 0.17734375 0.13359375
0 0.575 0.815625 0.1515625 0.159375
0 0.42265625 0.88515625 0.14296875 0.1171875
0 0.44296875 0.721875 0.18359375 0.1546875
0 0.44296875 0.54296875 0.146875 0.13984375
0 0.64140625 0.58515625 0.1953125 0.1546875
0 0.6453125 0.38359375 0.16640625 0.19375
0 0.48828125 0.37890625 0.17109375 0.153125
0 0.49609375 0.1984375 0.146875 0.14140625
0 0.66796875 0.2046875 0.1546875 0.13046875
0 0.6828125 0.05703125 0.16953125 0.1140625
0 0.92578125 0.0578125 0.1109375 0.09765625
0 0.3171875 0.1859375 0.1203125 0.109375
0 0.13828125 0.1984375 0.12890625 0.1109375
0 0.26484375 0.45078125 0.121875 0.1078125
0 0.2078125 0.6484375 0.13984375 0.125
0 0.1796875 0.8359375 0.1578125 0.13046875
0 0.04921875 0.61796875 0.0984375 0.1359375
0 0.07734375 0.378125 0.12734375 0.13984375