0 0.49609375 0.209375 0.171875 0.18359375
0 0.39453125 0.615625 0.171875 0.18359375
0 0.69609375 0.26953125 0.1609375 0.1484375
0 0.8921875 0.325 0.215625 0.21796875
0 0.8671875 0.52109375 0.1625 0.12890625
0 0.67421875 0.5203125 0.165625 0.1609375
0 0.83671875 0.71171875 0.2046875 0.21171875
0 0.6375 0.740625 0.16640625 0.17421875
0 0.6046875 0.93359375 0.17265625 0.1328125
0 0.8125 0.94296875 0.140625 0.1140625
0 0.403125 0.9453125 0.18203125 0.109375
0 0.396875 0.79296875 0.17109375 0.15625
0 0.21328125 0.78125 0.1890625 0.1859375
0 0.234375 0.58984375 0.17109375 0.18515625
0 0.2921875 0.38359375 0.2 0.20859375
0 0.45703125 0.3703125 0.153125 0.1640625
0 0.334375 0.1859375 0.1875 0.2015625
0 0.9078125 0.12109375 0.18359375 0.203125
0 0.1484375 0.05859375 0.1953125 0.1171875
0 0.09140625 0.22421875 0.153125 0.15625
0 0.09296875 0.459375 0.1625 0.15
0 0.059375 0.7015625 0.11875 0.17734375
0 0.74609375 0.0609375 0.1609375 0.121875