0 0.17578125 0.5921875 0.171875 0.18359375
0 0.53125 0.3109375 0.171875 0.18359375
0 0.7203125 0.50625 0.17578125 0.18359375
0 0.32578125 0.60703125 0.15 0.13828125
0 0.20859375 0.31640625 0.159375 0.13671875
0 0.38515625 0.17265625 0.17578125 0.14140625
0 0.3640625 0.33515625 0.18203125 0.15
0 0.50859375 0.471875 0.22421875 0.165625
0 0.48046875 0.615625 0.20703125 0.1546875
0 0.49140625 0.7625 0.1890625 0.16953125
0 0.8296875 0.865625 0.1625 0.1890625
0 0.71484375 0.70390625 0.1984375 0.17265625
0 0.68984375 0.9078125 0.146875 0.1625
0 0.86015625 0.634375 0.13359375 0.1125
0 0.89296875 0.43671875 0.18515625 0.16640625
0 0.75546875 0.259375 0.15 0.1609375
0 0.93515625 0.2375 0.1296875 0.121875
0 0.9375 0.084375 0.125 0.13671875
0 0.77265625 0.0484375 0.1640625 0.096875
0 0.57421875 0.1265625 0.15625 0.13828125
0 0.21484375 0.125 0.146875 0.1265625
0 0.14609375 0.84765625 0.159375 0.14140625
0 0.30546875 0.8078125 0.12734375 0.14609375
0 0.46953125 0.9421875 0.21171875 0.11171875