0 0.78671875 0.90234375 0.18984375 0.1953125
0 0.87578125 0.56796875 0.1953125 0.165625
0 0.64921875 0.68046875 0.21328125 0.18046875
0 0.45625 0.703125 0.1640625 0.1890625
0 0.43359375 0.9171875 0.1640625 0.1546875
0 0.6140625 0.9 0.19375 0.17421875
0 0.67578125 0.4875 0.1625 0.18515625
0 0.50078125 0.45 0.203125 0.19375
0 0.17421875 0.634375 0.17734375 0.13203125
0 0.2109375 0.44296875 0.21484375 0.18046875
0 0.25390625 0.26171875 0.21015625 0.165625
0 0.5328125 0.2265625 0.16953125 0.21640625
0 0.7140625 0.2453125 0.190625 0.1875
0 0.8890625 0.36796875 0.1859375 0.2015625
0 0.92265625 0.096875 0.15390625 0.19375
0 0.7375 0.0625 0.1984375 0.125
0 0.55859375 0.0671875 0.18359375 0.13359375
0 0.29140625 0.09140625 0.1953125 0.1828125
0 0.08203125 0.1546875 0.1640625 0.21484375
0 0.0625 0.36875 0.125 0.18359375
0 0.153125 0.79921875 0.17421875 0.17421875
0 0.1078125 0.94609375 0.165625 0.1078125