0 0.2203125 0.50625 0.17578125 0.18359375
0 0.39296875 0.44609375 0.1640625 0.16796875
0 0.58125 0.45390625 0.159375 0.16796875
0 0.54609375 0.6859375 0.125 0.10703125
0 0.52578125 0.9078125 0.17109375 0.184375
0 0.72890625 0.83203125 0.2046875 0.1984375
0 0.93359375 0.725 0.1328125 0.20703125
0 0.91875 0.92265625 0.1625 0.1515625
0 0.95703125 0.53515625 0.0859375 0.1484375
0 0.83046875 0.30078125 0.1921875 0.17421875
0 0.63515625 0.225 0.17421875 0.190625
0 0.36171875 0.634375 0.13515625 0.13046875
0 0.20703125 0.7125 0.20703125 0.18515625
0 0.321875 0.87734375 0.196875 0.2375
0 0.18046875 0.9140625 0.13203125 0.1578125
0 0.0625 0.4671875 0.125 0.16796875
0 0.07421875 0.3046875 0.1484375 0.2109375
0 0.09609375 0.121875 0.1921875 0.1859375
0 0.28515625 0.0625 0.1890625 0.125
0 0.453125 0.08828125 0.196875 0.1765625
0 0.65078125 0.04921875 0.1921875 0.0984375
0 0.89453125 0.0484375 0.2109375 0.09609375
0 0.87578125 0.159375 0.18359375 0.13828125
0 0.45 0.24453125 0.17578125 0.153125
0 0.25859375 0.27890625 0.2015625 0.20859375