0 0.2578125 0.3109375 0.171875 0.18359375
0 0.66328125 0.225 0.18828125 0.14609375
0 0.30859375 0.75625 0.171875 0.18359375
0 0.2234375 0.54765625 0.13984375 0.13046875
0 0.4140625 0.38828125 0.125 0.13046875
0 0.61015625 0.3921875 0.146875 0.15
0 0.75859375 0.51171875 0.13515625 0.11875
0 0.82578125 0.34296875 0.1515625 0.12734375
0 0.9 0.0609375 0.14453125 0.11875
0 0.478125 0.11484375 0.14453125 0.121875
0 0.2984375 0.12421875 0.1640625 0.1875
0 0.09375 0.13984375 0.1875 0.17421875
0 0.07109375 0.3453125 0.1421875 0.14375
0 0.0515625 0.58359375 0.103125 0.1796875
0 0.18125 0.7140625 0.14296875 0.125
0 0.121875 0.896875 0.14140625 0.15
0 0.4796875 0.8453125 0.18203125 0.1640625
0 0.65625 0.90625 0.13203125 0.1203125
0 0.87421875 0.94375 0.21640625 0.11171875
0 0.92265625 0.77421875 0.15390625 0.19375
0 0.70546875 0.6828125 0.1515625 0.1609375
0 0.54453125 0.6390625 0.18515625 0.18515625
0 0.41796875 0.51328125 0.1078125 0.0828125
0 0.94296875 0.52734375 0.11328125 0.146875
0 0.7 0.04296875 0.1625 0.0859375
0 0.28359375 0.946875 0.1265625 0.10625