0 0.27734375 0.896875 0.171875 0.18359375
0 0.89453125 0.615625 0.171875 0.18359375
0 0.70625 0.78984375 0.14453125 0.13984375
0 0.53515625 0.70234375 0.146875 0.13671875
0 0.36796875 0.5625 0.153125 0.13046875
0 0.3890625 0.35703125 0.146875 0.14609375
0 0.56171875 0.471875 0.16796875 0.13828125
0 0.73046875 0.59453125 0.13515625 0.1546875
0 0.78515625 0.3828125 0.1609375 0.17109375
0 0.9453125 0.371875 0.109375 0.125
0 0.8359375 0.203125 0.1546875 0.13828125
0 0.5921875 0.225 0.14140625 0.12890625
0 0.4203125 0.084375 0.153125 0.15
0 0.21015625 0.24765625 0.16796875 0.15625
0 0.18359375 0.4875 0.153125 0.1515625
0 0.14296875 0.67109375 0.17109375 0.16640625
0 0.10859375 0.89609375 0.1578125 0.14296875
0 0.89296875 0.7953125 0.13671875 0.13984375
0 0.240625 0.04921875 0.153125 0.0984375