0 0.1703125 0.7015625 0.17578125 0.18359375
0 0.56953125 0.69375 0.1890625 0.17109375
0 0.61015625 0.50859375 0.1859375 0.17265625
0 0.615625 0.33046875 0.190625 0.165625
0 0.8140625 0.34375 0.2015625 0.18046875
0 0.840625 0.0859375 0.1515625 0.146875
0 0.64609375 0.09453125 0.17734375 0.17421875
0 0.93046875 0.5140625 0.1390625 0.153125
0 0.94296875 0.27421875 0.1140625 0.1359375
0 0.76484375 0.678125 0.17109375 0.17265625
0 0.91015625 0.721875 0.1796875 0.19375
0 0.8640625 0.9109375 0.1984375 0.178125
0 0.72109375 0.84375 0.12890625 0.13984375
0 0.54921875 0.909375 0.22109375 0.17265625
0 0.3390625 0.8796875 0.19375 0.190625
0 0.15234375 0.87734375 0.20546875 0.2046875
0 0.359375 0.66640625 0.21015625 0.196875
0 0.38828125 0.4984375 0.22421875 0.1609375
0 0.41640625 0.33046875 0.21015625 0.1890625
0 0.20234375 0.46015625 0.20859375 0.2296875
0 0.2390625 0.275 0.21015625 0.1953125
0 0.4546875 0.12734375 0.21484375 0.18046875
0 0.26484375 0.0625 0.190625 0.125
0 0.07421875 0.15625 0.1484375 0.0859375
0 0.08125 0.05234375 0.1625 0.1046875
0 0.0625 0.31015625 0.125 0.18515625