0 0.90234375 0.865625 0.171875 0.18359375
0 0.740625 0.5484375 0.17578125 0.18359375
0 0.67578125 0.0921875 0.171875 0.18359375
0 0.36484375 0.5578125 0.171875 0.18359375
0 0.728125 0.953125 0.18203125 0.09375
0 0.5640625 0.91171875 0.1578125 0.146875
0 0.72421875 0.759375 0.16796875 0.17890625
0 0.9390625 0.4953125 0.12109375 0.1875
0 0.57265625 0.64375 0.146875 0.13671875
0 0.6296875 0.48359375 0.13515625 0.12890625
0 0.63671875 0.33125 0.1953125 0.17890625
0 0.815625 0.29921875 0.165625 0.1625
0 0.81484375 0.09765625 0.13046875 0.159375
0 0.94921875 0.26640625 0.1015625 0.14609375
0 0.415625 0.11015625 0.17265625 0.1875
0 0.396875 0.29609375 0.153125 0.1265625
0 0.3859375 0.43125 0.1140625 0.1078125
0 0.30390625 0.77421875 0.203125 0.17578125
0 0.265625 0.9234375 0.21328125 0.15234375
0 0.08125 0.7984375 0.1625 0.1578125
0 0.1234375 0.61640625 0.17734375 0.1578125
0 0.16015625 0.45546875 0.1515625 0.1140625
0 0.19609375 0.30234375 0.18515625 0.1921875
0 0.2296875 0.10546875 0.1984375 0.1890625
0 0.071875 0.06796875 0.14375 0.1359375
0 0.0578125 0.2171875 0.115625 0.14609375
0 0.075 0.9421875 0.15 0.11484375