0 0.25703125 0.7171875 0.17265625 0.16640625
0 0.61171875 0.46484375 0.17421875 0.15625
0 0.86171875 0.640625 0.16640625 0.1640625
0 0.92578125 0.41640625 0.1484375 0.159375
0 0.93359375 0.20625 0.1328125 0.16953125
0 0.6796875 0.1390625 0.16640625 0.13671875
0 0.49609375 0.0546875 0.1640625 0.109375
0 0.4671875 0.2296875 0.17734375 0.1859375
0 0.64921875 0.2953125 0.17109375 0.17265625
0 0.58671875 0.66640625 0.1484375 0.1546875
0 0.57109375 0.85 0.153125 0.1203125
0 0.56640625 0.953125 0.15625 0.09375
0 0.79375 0.91484375 0.18203125 0.1703125
0 0.95546875 0.80390625 0.08828125 0.1203125
0 0.38046875 0.84140625 0.20703125 0.1953125
0 0.4109375 0.6265625 0.17265625 0.17421875
0 0.41875 0.440625 0.22109375 0.18203125
0 0.2296875 0.34140625 0.18046875 0.18046875
0 0.18203125 0.51015625 0.15 0.13046875
0 0.0484375 0.421875 0.096875 0.165625
0 0.1890625 0.9234375 0.1890625 0.15234375
0 0.05546875 0.6453125 0.1109375 0.1484375
0 0.0546875 0.1796875 0.109375 0.09375