0 0.4296875 0.2515625 0.171875 0.18359375
0 0.6703125 0.2015625 0.17578125 0.18359375
0 0.290625 0.8421875 0.17578125 0.18359375
0 0.09765625 0.5796875 0.171875 0.18359375
0 0.84375 0.371875 0.190625 0.17890625
0 0.65 0.37890625 0.203125 0.1921875
0 0.85390625 0.16796875 0.18515625 0.18359375
0 0.20390625 0.20078125 0.17265625 0.18203125
0 0.159375 0.396875 0.13515625 0.146875
0 0.37734375 0.465625 0.21015625 0.17734375
0 0.60625 0.58984375 0.2328125 0.19375
0 0.36015625 0.6828125 0.203125 0.1546875
0 0.5625 0.7625 0.20859375 0.1578125
0 0.73984375 0.9109375 0.196875 0.178125
0 0.55859375 0.91328125 0.228125 0.1734375
0 0.09140625 0.753125 0.1828125 0.203125
0 0.46875 0.053125 0.1953125 0.10546875
0 0.06171875 0.93046875 0.1234375 0.1390625
0 0.0703125 0.12890625 0.13828125 0.1953125