0 0.140625 0.88671875 0.171875 0.1875
0 0.35 0.65078125 0.17734375 0.14453125
0 0.6125 0.4828125 0.1515625 0.14296875
0 0.6515625 0.30078125 0.121875 0.1234375
0 0.6765625 0.0953125 0.13984375 0.1515625
0 0.81953125 0.36484375 0.1875 0.17421875
0 0.7890625 0.55546875 0.1890625 0.196875
0 0.74375 0.7546875 0.1984375 0.190625
0 0.584375 0.6703125 0.1234375 0.1078125
0 0.54453125 0.9125 0.1640625 0.1578125
0 0.35 0.88671875 0.17109375 0.146875
0 0.19765625 0.75 0.1484375 0.165625
0 0.0515625 0.63203125 0.103125 0.1484375
0 0.22734375 0.3515625 0.121875 0.1171875
0 0.0765625 0.40234375 0.15 0.146875
0 0.08515625 0.1875 0.1578125 0.159375
0 0.26171875 0.1765625 0.153125 0.13984375
0 0.42265625 0.2203125 0.17265625 0.16953125
0 0.37578125 0.4046875 0.15625 0.1546875
0 0.884375 0.128125 0.13359375 0.14296875
0 0.9265625 0.9046875 0.146875 0.18984375
0 0.71953125 0.95 0.16796875 0.1
0 0.4625 0.04609375 0.14140625 0.09140625