0 0.54453125 0.88046875 0.190625 0.18359375
0 0.81875 0.25234375 0.14453125 0.17578125
0 0.4125 0.5171875 0.17578125 0.18359375
0 0.72578125 0.0609375 0.12890625 0.121875
0 0.67734375 0.2109375 0.13828125 0.13671875
0 0.625 0.4 0.13515625 0.159375
0 0.78125 0.45390625 0.14140625 0.146875
0 0.93671875 0.50234375 0.1125 0.125
0 0.91796875 0.6484375 0.1640625 0.171875
0 0.72578125 0.659375 0.1890625 0.17421875
0 0.71953125 0.87109375 0.159375 0.17421875
0 0.36484375 0.73125 0.1171875 0.13671875
0 0.1875 0.72578125 0.15625 0.146875
0 0.1546875 0.90859375 0.14140625 0.1625
0 0.31953125 0.92578125 0.2296875 0.1484375
0 0.225 0.49453125 0.17578125 0.2015625
0 0.44375 0.30390625 0.1578125 0.1875
0 0.51171875 0.090625 0.1953125 0.18125
0 0.2859375 0.26640625 0.1546875 0.1640625
0 0.9421875 0.34140625 0.11484375 0.1625
0 0.9 0.93125 0.19921875 0.13671875
0 0.06875 0.2421875 0.13671875 0.1859375
0 0.33671875 0.065625 0.153125 0.13046875