0 0.39453125 0.115625 0.171875 0.18359375
0 0.22578125 0.0875 0.1546875 0.175
0 0.20546875 0.284375 0.17109375 0.1609375
0 0.4 0.3 0.1578125 0.1546875
0 0.403125 0.48046875 0.17890625 0.14140625
0 0.36015625 0.65625 0.17890625 0.18046875
0 0.32421875 0.865625 0.1890625 0.21640625
0 0.546875 0.834375 0.13203125 0.14296875
0 0.57734375 0.66015625 0.17890625 0.17890625
0 0.61015625 0.47421875 0.159375 0.16640625
0 0.64296875 0.23515625 0.165625 0.1609375
0 0.825 0.203125 0.21015625 0.21953125
0 0.80625 0.4609375 0.13984375 0.15
0 0.784375 0.659375 0.18359375 0.17734375
0 0.92890625 0.684375 0.1421875 0.20859375
0 0.72265625 0.89296875 0.21328125 0.190625
0 0.88515625 0.89140625 0.13203125 0.13671875
0 0.1015625 0.946875 0.203125 0.10546875
0 0.1390625 0.75703125 0.18203125 0.2015625
0 0.17109375 0.51953125 0.1890625 0.1953125
0 0.05859375 0.19921875 0.1171875 0.1796875
0 0.87421875 0.04765625 0.153125 0.09453125
0 0.68125 0.0546875 0.12890625 0.109375
0 0.946875 0.459375 0.10546875 0.12109375