0 0.56796875 0.75546875 0.19453125 0.18359375
0 0.60234375 0.53125 0.21640625 0.18515625
0 0.6703125 0.32265625 0.17734375 0.18359375
0 0.725 0.1203125 0.14296875 0.15
0 0.925 0.2078125 0.125 0.14296875
0 0.875 0.44140625 0.1546875 0.153125
0 0.83984375 0.66015625 0.146875 0.1640625
0 0.7828125 0.86796875 0.15 0.1546875
0 0.35703125 0.70859375 0.1515625 0.14296875
0 0.3578125 0.53828125 0.159375 0.13359375
0 0.3984375 0.3515625 0.146875 0.15625
0 0.0875 0.8046875 0.175 0.140625
0 0.071875 0.9453125 0.14375 0.109375
0 0.1265625 0.640625 0.153125 0.13671875
0 0.178125 0.45625 0.1578125 0.13671875
0 0.196875 0.31328125 0.159375 0.09765625
0 0.2390625 0.16328125 0.14453125 0.11875
0 0.28515625 0.03515625 0.14140625 0.0703125
0 0.43515625 0.15234375 0.1609375 0.1484375
0 0.5140625 0.0328125 0.15 0.065625
0 0.9296875 0.0484375 0.140625 0.09609375
0 0.084375 0.05859375 0.16796875 0.1171875
0 0.05390625 0.246875 0.1078125 0.16640625
0 0.0359375 0.44765625 0.071875 0.17421875