0 0.4828125 0.571875 0.17578125 0.18359375
0 0.8453125 0.7109375 0.1609375 0.165625
0 0.85859375 0.55390625 0.1640625 0.1546875
0 0.8921875 0.34375 0.153125 0.1890625
0 0.92734375 0.15703125 0.1453125 0.17890625
0 0.5875 0.78828125 0.15625 0.2
0 0.44609375 0.87578125 0.1984375 0.16796875
0 0.57421875 0.94921875 0.12890625 0.1015625
0 0.21875 0.93984375 0.17265625 0.11953125
0 0.05703125 0.91484375 0.1140625 0.1703125
0 0.25546875 0.7625 0.21640625 0.196875
0 0.29453125 0.54453125 0.21328125 0.196875
0 0.115625 0.48828125 0.17109375 0.16796875
0 0.14609375 0.30625 0.15 0.10546875
0 0.30234375 0.359375 0.1953125 0.1625
0 0.16875 0.0890625 0.1546875 0.16640625
0 0.3828125 0.14375 0.21015625 0.1609375
0 0.5578125 0.253125 0.13671875 0.1515625
0 0.5 0.4046875 0.17109375 0.16640625
0 0.6609375 0.4625 0.1859375 0.16796875
0 0.63671875 0.621875 0.14140625 0.18046875
0 0.69609375 0.321875 0.20859375 0.1515625
0 0.7328125 0.1859375 0.22421875 0.1515625
0 0.59140625 0.0671875 0.2265625 0.13359375