0 0.790625 0.8421875 0.17578125 0.18359375
0 0.59765625 0.5796875 0.171875 0.18359375
0 0.30859375 0.25625 0.171875 0.18359375
0 0.88359375 0.46015625 0.21640625 0.17890625
0 0.86640625 0.68515625 0.2296875 0.15
0 0.58359375 0.75234375 0.21484375 0.1890625
0 0.54921875 0.93046875 0.2 0.1390625
0 0.3875 0.92578125 0.1921875 0.1484375
0 0.2140625 0.8734375 0.1546875 0.17890625
0 0.0765625 0.8859375 0.15 0.20859375
0 0.22890625 0.66015625 0.1640625 0.18203125
0 0.42265625 0.64453125 0.17890625 0.165625
0 0.44609375 0.50234375 0.15 0.13984375
0 0.6609375 0.40390625 0.14453125 0.146875
0 0.721875 0.18828125 0.14609375 0.17265625
0 0.5484375 0.13515625 0.1984375 0.1984375
0 0.93359375 0.04921875 0.1328125 0.0984375
0 0.9234375 0.27109375 0.15234375 0.18203125
0 0.1296875 0.4 0.13046875 0.15
0 0.2765625 0.45 0.15 0.13359375
0 0.17109375 0.21640625 0.13203125 0.14140625
0 0.23515625 0.0609375 0.1484375 0.121875
0 0.48046875 0.3328125 0.1953125 0.16640625