0 0.27734375 0.396875 0.171875 0.18359375
0 0.16796875 0.8265625 0.171875 0.18359375
0 0.89453125 0.115625 0.171875 0.18359375
0 0.89609375 0.29453125 0.13671875 0.14140625
0 0.890625 0.47578125 0.159375 0.16953125
0 0.67109375 0.51484375 0.17578125 0.1640625
0 0.48671875 0.47578125 0.159375 0.14609375
0 0.70390625 0.2828125 0.16953125 0.1640625
0 0.53046875 0.2015625 0.17109375 0.15625
0 0.728125 0.08203125 0.1515625 0.1640625
0 0.375 0.075 0.19375 0.15
0 0.15546875 0.1921875 0.21171875 0.17109375
0 0.1078125 0.4 0.190625 0.17109375
0 0.0671875 0.5796875 0.13359375 0.1890625
0 0.234375 0.64140625 0.17734375 0.18359375
0 0.4578125 0.72109375 0.1578125 0.165625
0 0.03984375 0.78984375 0.0796875 0.17265625
0 0.58203125 0.94921875 0.22421875 0.1015625
0 0.63671875 0.75625 0.18359375 0.21484375
0 0.82109375 0.86953125 0.19375 0.21640625
0 0.85703125 0.6578125 0.17265625 0.18359375
0 0.18671875 0.0421875 0.14609375 0.084375