0 0.75625 0.7171875 0.17578125 0.16640625
0 0.67421875 0.51953125 0.159375 0.12890625
0 0.72734375 0.33984375 0.17734375 0.1921875
0 0.909375 0.45703125 0.18125 0.1984375
0 0.915625 0.6359375 0.16875 0.16875
0 0.87421875 0.84921875 0.2015625 0.1625
0 0.93359375 0.2328125 0.1328125 0.17578125
0 0.54609375 0.1765625 0.11875 0.10703125
0 0.53203125 0.41796875 0.16796875 0.1859375
0 0.5234375 0.6546875 0.1578125 0.13671875
0 0.684375 0.92265625 0.18515625 0.15390625
0 0.459375 0.9140625 0.18359375 0.171875
0 0.30390625 0.7953125 0.190625 0.17890625
0 0.259375 0.9609375 0.16015625 0.078125
0 0.12109375 0.83984375 0.17265625 0.20703125
0 0.31640625 0.57265625 0.14609375 0.153125
0 0.159375 0.6296875 0.146875 0.14140625
0 0.1859375 0.41640625 0.12890625 0.14453125
0 0.3421875 0.3703125 0.17265625 0.22421875
0 0.21328125 0.20546875 0.2046875 0.17421875
0 0.35703125 0.1453125 0.14609375 0.115625
0 0.22734375 0.0453125 0.1515625 0.08984375