0 0.1109375 0.4515625 0.17578125 0.18359375
0 0.77734375 0.396875 0.171875 0.18359375
0 0.3578125 0.63125 0.17578125 0.18359375
0 0.66796875 0.8265625 0.171875 0.18359375
0 0.71796875 0.64921875 0.14453125 0.17109375
0 0.946875 0.71875 0.10546875 0.140625
0 0.9484375 0.4796875 0.103125 0.1546875
0 0.87734375 0.075 0.18359375 0.15
0 0.68515625 0.0375 0.14140625 0.075
0 0.65859375 0.190625 0.18515625 0.17109375
0 0.46484375 0.209375 0.1875 0.190625
0 0.17109375 0.1359375 0.18046875 0.1515625
0 0.14765625 0.303125 0.16640625 0.153125
0 0.0890625 0.67109375 0.14609375 0.1609375
0 0.07109375 0.85625 0.13671875 0.13828125
0 0.290625 0.9171875 0.190625 0.1609375
0 0.49296875 0.803125 0.14140625 0.14296875
0 0.5484375 0.584375 0.17421875 0.18359375
0 0.60234375 0.4 0.17421875 0.1609375
0 0.434375 0.4109375 0.1625 0.1484375