0 0.640625 0.8984375 0.171875 0.16328125
0 0.1703125 0.2015625 0.17578125 0.18359375
0 0.85 0.63671875 0.190625 0.153125
0 0.51953125 0.634375 0.1953125 0.18359375
0 0.86640625 0.40859375 0.1875 0.1921875
0 0.55 0.40859375 0.21640625 0.159375
0 0.72109375 0.35 0.14140625 0.153125
0 0.69921875 0.73203125 0.16640625 0.1890625
0 0.44453125 0.8125 0.1984375 0.1921875
0 0.84921875 0.87265625 0.165625 0.153125
0 0.915625 0.221875 0.16875 0.203125
0 0.7515625 0.17578125 0.15 0.17421875
0 0.559375 0.196875 0.21796875 0.1921875
0 0.3421875 0.3671875 0.17265625 0.17578125
0 0.1515625 0.378125 0.1890625 0.18203125
0 0.353125 0.165625 0.17734375 0.1859375
0 0.10703125 0.5890625 0.21328125 0.1921875
0 0.0875 0.76875 0.17421875 0.1546875
0 0.43671875 0.95390625 0.17265625 0.0921875
0 0.24140625 0.91015625 0.19375 0.17734375
0 0.5984375 0.0484375 0.19375 0.096875
0 0.3765625 0.0484375 0.2375 0.096875
0 0.084375 0.92109375 0.16796875 0.15703125