0 0.3578125 0.13125 0.17578125 0.18359375
0 0.2875 0.6234375 0.17578125 0.18359375
0 0.66796875 0.3265625 0.171875 0.18359375
0 0.94140625 0.21875 0.1171875 0.1484375
0 0.7328125 0.14609375 0.17734375 0.165625
0 0.54453125 0.0890625 0.1640625 0.16640625
0 0.4875 0.29609375 0.1515625 0.146875
0 0.4609375 0.5125 0.1625 0.17734375
0 0.63828125 0.55078125 0.153125 0.13046875
0 0.9109375 0.53203125 0.178125 0.17109375
0 0.63203125 0.73046875 0.190625 0.17734375
0 0.4421875 0.72109375 0.1640625 0.17734375
0 0.2703125 0.7515625 0.16796875 0.13828125
0 0.61015625 0.92109375 0.16796875 0.15703125
0 0.4 0.92890625 0.16953125 0.1421875
0 0.228125 0.9234375 0.16796875 0.15234375
0 0.07421875 0.475 0.1484375 0.14453125
0 0.07734375 0.34296875 0.1546875 0.11875
0 0.08828125 0.16171875 0.153125 0.1546875
0 0.77890625 0.9359375 0.1453125 0.128125
0 0.29375 0.42265625 0.20859375 0.18515625