0 0.44375 0.4234375 0.17578125 0.18359375
0 0.75625 0.20703125 0.17578125 0.1875
0 0.85546875 0.53125 0.171875 0.1875
0 0.6890625 0.44140625 0.17890625 0.1890625
0 0.8828125 0.3390625 0.203125 0.19375
0 0.5234375 0.14609375 0.1609375 0.13515625
0 0.31328125 0.06796875 0.1515625 0.13515625
0 0.1578125 0.1359375 0.15625 0.13671875
0 0.2953125 0.3 0.190625 0.17890625
0 0.121875 0.3421875 0.17734375 0.1859375
0 0.265625 0.50703125 0.165625 0.16953125
0 0.12265625 0.57265625 0.1484375 0.15625
0 0.440625 0.68125 0.14609375 0.14296875
0 0.6859375 0.65546875 0.18203125 0.17890625
0 0.8328125 0.89921875 0.16953125 0.17265625
0 0.653125 0.90078125 0.19375 0.1875
0 0.39609375 0.89921875 0.18515625 0.18515625
0 0.24453125 0.71328125 0.20703125 0.2015625
0 0.17734375 0.91953125 0.1828125 0.1609375
0 0.0671875 0.790625 0.13359375 0.16640625
0 0.9125 0.134375 0.1609375 0.13671875
0 0.67734375 0.04140625 0.16796875 0.0828125