0 0.81953125 0.34921875 0.17578125 0.18359375
0 0.18359375 0.61171875 0.171875 0.1875
0 0.85859375 0.184375 0.21484375 0.1515625
0 0.59296875 0.24375 0.17890625 0.17421875
0 0.53359375 0.44921875 0.1859375 0.21015625
0 0.4203125 0.15078125 0.17734375 0.16640625
0 0.60546875 0.075 0.159375 0.15
0 0.23515625 0.15390625 0.17265625 0.18515625
0 0.215625 0.36796875 0.1609375 0.17421875
0 0.38125 0.44609375 0.17421875 0.18046875
0 0.3640625 0.6015625 0.13671875 0.1578125
0 0.515625 0.6734375 0.1984375 0.18203125
0 0.47109375 0.85703125 0.203125 0.16953125
0 0.3171875 0.7796875 0.1203125 0.1265625
0 0.1046875 0.79140625 0.20859375 0.146875
0 0.10703125 0.9390625 0.146875 0.12109375
0 0.72890625 0.91484375 0.18046875 0.1703125
0 0.94296875 0.76328125 0.1140625 0.1515625
0 0.9421875 0.60078125 0.11484375 0.18359375
0 0.8078125 0.51875 0.17578125 0.17890625
0 0.7921875 0.66953125 0.16953125 0.1515625
0 0.0640625 0.3859375 0.12734375 0.1859375
0 0.04296875 0.5953125 0.0859375 0.17578125