0 0.36328125 0.584375 0.171875 0.18359375
0 0.428125 0.1625 0.17578125 0.18359375
0 0.9140625 0.04296875 0.1640625 0.0859375
0 0.73828125 0.0375 0.1484375 0.075
0 0.68046875 0.22109375 0.146875 0.14140625
0 0.86875 0.2328125 0.13046875 0.14140625
0 0.634375 0.63203125 0.13046875 0.13359375
0 0.59921875 0.83671875 0.13515625 0.1109375
0 0.75703125 0.8734375 0.18046875 0.17578125
0 0.9421875 0.77890625 0.11484375 0.17890625
0 0.790625 0.6359375 0.17109375 0.19375
0 0.953125 0.5859375 0.09375 0.14140625
0 0.825 0.44921875 0.21328125 0.16796875
0 0.65390625 0.41015625 0.146875 0.15625
0 0.37578125 0.38828125 0.13828125 0.13671875
0 0.22578125 0.396875 0.22109375 0.18046875
0 0.203125 0.59453125 0.16796875 0.18203125
0 0.34609375 0.8078125 0.16640625 0.17265625
0 0.1546875 0.80546875 0.165625 0.1859375
0 0.265625 0.16328125 0.15625 0.19375
0 0.0875 0.15625 0.17421875 0.18046875
0 0.0546875 0.34296875 0.109375 0.1640625