0 0.16796875 0.3265625 0.171875 0.18359375
0 0.71875 0.7671875 0.171875 0.18359375
0 0.8296875 0.365625 0.196875 0.21796875
0 0.7984375 0.55703125 0.18203125 0.14453125
0 0.60546875 0.50234375 0.21015625 0.21171875
0 0.41875 0.5171875 0.1546875 0.14453125
0 0.53515625 0.7328125 0.21953125 0.1890625
0 0.48984375 0.91328125 0.2015625 0.1734375
0 0.6984375 0.92109375 0.1625 0.12890625
0 0.85859375 0.15390625 0.18515625 0.17578125
0 0.6375 0.25859375 0.20546875 0.21015625
0 0.4640625 0.21640625 0.146875 0.15625
0 0.2203125 0.146875 0.18203125 0.18515625
0 0.1453125 0.54921875 0.1640625 0.14296875
0 0.13125 0.7234375 0.18515625 0.17890625
0 0.10390625 0.91171875 0.17421875 0.1765625
0 0.28828125 0.93671875 0.1390625 0.1265625
0 0.678125 0.05859375 0.17578125 0.1171875
0 0.0640625 0.08984375 0.128125 0.1796875