0 0.75 0.415625 0.171875 0.18359375
0 0.8578125 0.6890625 0.17578125 0.18359375
0 0.290625 0.3421875 0.17578125 0.18359375
0 0.934375 0.30546875 0.13125 0.1578125
0 0.9140625 0.4984375 0.16640625 0.16953125
0 0.6140625 0.0890625 0.18515625 0.1640625
0 0.56875 0.2671875 0.17265625 0.14453125
0 0.55546875 0.42734375 0.196875 0.17890625
0 0.5015625 0.625 0.18046875 0.2015625
0 0.6796875 0.6625 0.1515625 0.146875
0 0.67421875 0.821875 0.13828125 0.13515625
0 0.86875 0.88203125 0.15625 0.1265625
0 0.49375 0.8125 0.2 0.1859375
0 0.2984375 0.66796875 0.1515625 0.115625
0 0.303125 0.52109375 0.1640625 0.159375
0 0.3546875 0.17890625 0.17421875 0.13203125
0 0.10390625 0.07578125 0.153125 0.13671875
0 0.084375 0.24609375 0.16796875 0.1796875
0 0.0640625 0.4578125 0.12734375 0.17890625
0 0.22421875 0.9171875 0.15625 0.1578125
0 0.65078125 0.96953125 0.1625 0.0609375
0 0.46875 0.95859375 0.171875 0.0828125
0 0.0546875 0.6828125 0.109375 0.17265625