0 0.45703125 0.93359375 0.1875 0.1328125
0 0.5625 0.25546875 0.2078125 0.1953125
0 0.2421875 0.646875 0.171875 0.18359375
0 0.51171875 0.515625 0.17890625 0.1625
0 0.33125 0.49140625 0.13046875 0.13203125
0 0.346875 0.21328125 0.165625 0.15
0 0.36171875 0.0609375 0.165625 0.121875
0 0.78203125 0.3578125 0.16953125 0.1625
0 0.85390625 0.165625 0.16953125 0.17421875
0 0.61015625 0.06484375 0.21640625 0.12890625
0 0.953125 0.36328125 0.09375 0.14140625
0 0.9234375 0.55859375 0.15234375 0.1796875
0 0.73671875 0.56328125 0.2 0.1953125
0 0.68984375 0.74453125 0.240625 0.20546875
0 0.896875 0.7609375 0.20625 0.190625
0 0.48046875 0.73359375 0.2046875 0.18515625
0 0.66015625 0.93359375 0.1875 0.1328125
0 0.8796875 0.92890625 0.2140625 0.1421875
0 0.23515625 0.83359375 0.20859375 0.18359375
0 0.1171875 0.1203125 0.18359375 0.1890625
0 0.09296875 0.3125 0.1859375 0.17109375
0 0.07421875 0.475 0.1484375 0.16796875
0 0.071875 0.6515625 0.14375 0.15625
0 0.0609375 0.82265625 0.121875 0.1875