0 0.40234375 0.365625 0.171875 0.18359375
0 0.63984375 0.34453125 0.15 0.18203125
0 0.81640625 0.071875 0.1609375 0.13203125
0 0.93671875 0.428125 0.1265625 0.159375
0 0.76953125 0.51484375 0.159375 0.1484375
0 0.93515625 0.68046875 0.1296875 0.1234375
0 0.7515625 0.72421875 0.1640625 0.16796875
0 0.61953125 0.57578125 0.13984375 0.13515625
0 0.6546875 0.1390625 0.13359375 0.14296875
0 0.80546875 0.29140625 0.165625 0.165625
0 0.4859375 0.0390625 0.16640625 0.078125
0 0.24296875 0.06875 0.22109375 0.13671875
0 0.0796875 0.16328125 0.15 0.13359375
0 0.2265625 0.2640625 0.17109375 0.159375
0 0.07109375 0.42421875 0.1421875 0.1828125
0 0.228125 0.48125 0.1890625 0.196875
0 0.39609375 0.5546875 0.17578125 0.15625
0 0.5515625 0.78984375 0.1625 0.1578125
0 0.68046875 0.9171875 0.1953125 0.1640625
0 0.909375 0.90703125 0.18125 0.1859375
0 0.3140625 0.8921875 0.17421875 0.165625
0 0.36484375 0.7359375 0.1859375 0.159375
0 0.1875 0.70546875 0.18359375 0.190625
0 0.05546875 0.6140625 0.1109375 0.1875
0 0.13515625 0.90703125 0.12890625 0.1484375
0 0.0453125 0.8125 0.08984375 0.1796875