0 0.17578125 0.1015625 0.171875 0.1875
0 0.4234375 0.80625 0.17578125 0.18359375
0 0.78828125 0.1703125 0.1609375 0.1546875
0 0.73046875 0.40625 0.17421875 0.1640625
0 0.72109375 0.5421875 0.165625 0.10234375
0 0.6859375 0.7609375 0.17578125 0.17578125
0 0.6546875 0.92265625 0.159375 0.13203125
0 0.871875 0.85546875 0.18515625 0.190625
0 0.93046875 0.659375 0.1390625 0.15625
0 0.93046875 0.47578125 0.1390625 0.17265625
0 0.94296875 0.27421875 0.11328125 0.1578125
0 0.9453125 0.1 0.109375 0.1578125
0 0.7921875 0.04296875 0.18515625 0.0859375
0 0.52890625 0.1796875 0.165625 0.14609375
0 0.4734375 0.3671875 0.17109375 0.16953125
0 0.44453125 0.57265625 0.17109375 0.1921875
0 0.20625 0.9359375 0.16875 0.128125
0 0.2484375 0.7484375 0.1875 0.17734375
0 0.2796875 0.55078125 0.17109375 0.16640625
0 0.31953125 0.284375 0.13671875 0.13671875
0 0.37265625 0.096875 0.15625 0.1546875
0 0.125 0.28671875 0.14140625 0.1234375
0 0.11171875 0.47265625 0.1546875 0.18203125
0 0.08046875 0.709375 0.1609375 0.1984375
0 0.0515625 0.91484375 0.103125 0.1609375