0 0.8578125 0.1890625 0.17578125 0.18359375
0 0.80078125 0.740625 0.171875 0.18359375
0 0.446875 0.4859375 0.17578125 0.18359375
0 0.86875 0.36953125 0.1609375 0.13515625
0 0.83984375 0.55859375 0.13515625 0.15625
0 0.78828125 0.91484375 0.1640625 0.153125
0 0.946875 0.81484375 0.10625 0.14296875
0 0.93359375 0.94375 0.1328125 0.11171875
0 0.5546875 0.87109375 0.17421875 0.1234375
0 0.5765625 0.71484375 0.13359375 0.13203125
0 0.63671875 0.52265625 0.18046875 0.17109375
0 0.67421875 0.3109375 0.14453125 0.165625
0 0.678125 0.1484375 0.1546875 0.146875
0 0.496875 0.1140625 0.20859375 0.1859375
0 0.4953125 0.29296875 0.196875 0.1859375
0 0.2921875 0.178125 0.1578125 0.1484375
0 0.23203125 0.4046875 0.16640625 0.1640625
0 0.22109375 0.5484375 0.15 0.1265625
0 0.18515625 0.7515625 0.2015625 0.17734375
0 0.43359375 0.665625 0.1609375 0.153125
0 0.36953125 0.83828125 0.1890625 0.1625
0 0.16015625 0.925 0.16640625 0.1484375
0 0.2953125 0.04765625 0.2 0.09453125
0 0.05546875 0.1765625 0.1109375 0.19375
0 0.90390625 0.0484375 0.1921875 0.096875