0 0.83203125 0.3265625 0.171875 0.18359375
0 0.8 0.496875 0.18203125 0.1546875
0 0.77421875 0.6359375 0.196875 0.17890625
0 0.59609375 0.56796875 0.21953125 0.21015625
0 0.5453125 0.7859375 0.2015625 0.1859375
0 0.3484375 0.7234375 0.20703125 0.18203125
0 0.41015625 0.53046875 0.1625 0.153125
0 0.6484375 0.32109375 0.18515625 0.18203125
0 0.4359375 0.2984375 0.2015625 0.1640625
0 0.47890625 0.07421875 0.146875 0.1484375
0 0.27578125 0.078125 0.203125 0.15625
0 0.68203125 0.13125 0.1953125 0.18515625
0 0.87578125 0.15859375 0.18046875 0.1546875
0 0.21171875 0.2671875 0.18046875 0.17734375
0 0.1671875 0.4921875 0.121875 0.10078125
0 0.14296875 0.70859375 0.16796875 0.17265625
0 0.30859375 0.93125 0.1640625 0.13671875
0 0.4984375 0.94296875 0.17890625 0.11328125
0 0.709375 0.9234375 0.18359375 0.15234375
0 0.73203125 0.8125 0.17421875 0.159375
0 0.9078125 0.80625 0.18359375 0.18359375
0 0.90234375 0.9359375 0.1921875 0.128125
0 0.0640625 0.20703125 0.128125 0.1796875
0 0.92265625 0.65625 0.15390625 0.14453125
0 0.0515625 0.36328125 0.103125 0.1234375
0 0.0390625 0.515625 0.078125 0.1640625
0 0.1125 0.92734375 0.15625 0.1453125
0 0.946875 0.5 0.10546875 0.1484375