0 0.33203125 0.3265625 0.171875 0.18359375
0 0.7421875 0.146875 0.171875 0.18359375
0 0.53125 0.31328125 0.1546875 0.17578125
0 0.6890625 0.4984375 0.16953125 0.14140625
0 0.72578125 0.31484375 0.159375 0.1484375
0 0.95078125 0.23828125 0.0984375 0.1640625
0 0.93515625 0.47578125 0.1296875 0.1578125
0 0.89375 0.71484375 0.159375 0.1984375
0 0.6734375 0.6765625 0.2046875 0.18515625
0 0.63515625 0.85 0.17734375 0.1578125
0 0.85859375 0.93984375 0.1640625 0.11953125
0 0.4046875 0.94375 0.17265625 0.11171875
0 0.421875 0.8109375 0.1890625 0.14296875
0 0.4546875 0.65703125 0.18203125 0.1546875
0 0.4984375 0.49609375 0.17578125 0.17421875
0 0.5640625 0.14921875 0.1484375 0.13203125
0 0.81796875 0.02890625 0.1515625 0.05703125
0 0.4015625 0.04296875 0.17578125 0.0859375
0 0.18203125 0.1421875 0.1984375 0.1640625
0 0.38125 0.15625 0.19375 0.13828125
0 0.1421875 0.3265625 0.1875 0.165625
0 0.09140625 0.5734375 0.1625 0.17578125
0 0.3015625 0.49453125 0.16640625 0.153125
0 0.2671875 0.671875 0.1859375 0.17421875
0 0.07421875 0.7953125 0.1484375 0.16796875
0 0.2328125 0.81796875 0.1890625 0.1484375
0 0.2078125 0.93125 0.190625 0.1375
0 0.0484375 0.94609375 0.096875 0.1046875