0 0.79921875 0.55625 0.16015625 0.16875
0 0.6546875 0.39453125 0.18515625 0.196875
0 0.5921875 0.5953125 0.14140625 0.146875
0 0.3671875 0.59375 0.115625 0.1265625
0 0.3890625 0.39375 0.165625 0.17734375
0 0.4390625 0.1671875 0.13984375 0.1578125
0 0.6859375 0.13984375 0.18203125 0.1953125
0 0.828125 0.3921875 0.165625 0.153125
0 0.77109375 0.72890625 0.18046875 0.1890625
0 0.5875 0.771875 0.1859375 0.190625
0 0.3265625 0.825 0.17890625 0.2015625
0 0.18046875 0.4234375 0.17421875 0.17421875
0 0.03984375 0.684375 0.0796875 0.14609375
0 0.14453125 0.85234375 0.18046875 0.17265625
0 0.32734375 0.95546875 0.1640625 0.0890625
0 0.13671875 0.9546875 0.1828125 0.090625
0 0.57890625 0.9390625 0.18515625 0.12109375
0 0.7515625 0.89453125 0.16640625 0.14296875
0 0.9359375 0.9296875 0.128125 0.140625
0 0.93359375 0.77890625 0.1328125 0.1515625
0 0.9421875 0.61875 0.11484375 0.17421875
0 0.95703125 0.41796875 0.0859375 0.171875
0 0.8671875 0.06484375 0.18046875 0.12890625
0 0.246875 0.2171875 0.18203125 0.190625
0 0.12109375 0.06875 0.1484375 0.1375
0 0.27109375 0.04765625 0.1609375 0.09453125
0 0.06484375 0.28515625 0.12890625 0.15625
0 0.06328125 0.51796875 0.1140625 0.10234375