0 0.21875 0.2671875 0.171875 0.18359375
0 0.4140625 0.7046875 0.171875 0.18359375
0 0.615625 0.509375 0.17578125 0.18359375
0 0.85390625 0.3078125 0.16953125 0.17734375
0 0.87578125 0.0875 0.1640625 0.175
0 0.70703125 0.10390625 0.16953125 0.1859375
0 0.653125 0.3078125 0.16640625 0.1984375
0 0.45546875 0.37421875 0.1921875 0.1953125
0 0.41953125 0.5453125 0.18046875 0.14140625
0 0.5890625 0.7140625 0.159375 0.1640625
0 0.73515625 0.80859375 0.1515625 0.14140625
0 0.94921875 0.740625 0.1015625 0.15
0 0.94140625 0.9375 0.1171875 0.125
0 0.54140625 0.89375 0.1609375 0.18046875
0 0.378125 0.8921875 0.13984375 0.159375
0 0.12265625 0.821875 0.12734375 0.10546875
0 0.146875 0.6609375 0.165625 0.17421875
0 0.19921875 0.43125 0.18203125 0.13828125
0 0.07421875 0.2328125 0.1484375 0.19140625
0 0.30390625 0.0671875 0.190625 0.13359375
0 0.4828125 0.19609375 0.17578125 0.1578125
0 0.4984375 0.05859375 0.17578125 0.1171875
0 0.1078125 0.05703125 0.215625 0.1140625
0 0.04921875 0.43125 0.0984375 0.184375