0 0.7109375 0.63125 0.171875 0.18359375
0 0.115625 0.509375 0.17578125 0.18359375
0 0.5734375 0.5453125 0.13359375 0.13828125
0 0.5109375 0.7296875 0.16796875 0.17890625
0 0.846875 0.8890625 0.14609375 0.17578125
0 0.88984375 0.66640625 0.18203125 0.17578125
0 0.93515625 0.49375 0.12890625 0.14296875
0 0.76015625 0.38046875 0.165625 0.17421875
0 0.5984375 0.32734375 0.125 0.1171875
0 0.9390625 0.27421875 0.12109375 0.196875
0 0.79765625 0.1375 0.15625 0.1875
0 0.64453125 0.1328125 0.13203125 0.13984375
0 0.37109375 0.084375 0.15625 0.16796875
0 0.35078125 0.31328125 0.17578125 0.17265625
0 0.2046875 0.10625 0.17265625 0.19375
0 0.1484375 0.30078125 0.1625 0.2015625
0 0.23828125 0.80234375 0.1484375 0.13203125
0 0.0859375 0.71171875 0.159375 0.1546875
0 0.05859375 0.88671875 0.1171875 0.17421875
0 0.4765625 0.94140625 0.1640625 0.1171875