0 0.2359375 0.603125 0.17578125 0.18359375
0 0.2875 0.1234375 0.17578125 0.18359375
0 0.23515625 0.428125 0.16640625 0.14453125
0 0.40234375 0.44140625 0.16796875 0.1984375
0 0.6078125 0.4140625 0.1578125 0.16953125
0 0.62890625 0.21953125 0.1875 0.165625
0 0.6390625 0.0546875 0.15234375 0.109375
0 0.77890625 0.46640625 0.14296875 0.17265625
0 0.58125 0.6375 0.15 0.1609375
0 0.4203125 0.728125 0.1921875 0.203125
0 0.225 0.75078125 0.17578125 0.1515625
0 0.19140625 0.91171875 0.1796875 0.1765625
0 0.37890625 0.92890625 0.2171875 0.1421875
0 0.5546875 0.8609375 0.13828125 0.12890625
0 0.75859375 0.7390625 0.15 0.18046875
0 0.90234375 0.890625 0.1953125 0.203125
0 0.9171875 0.64375 0.165625 0.2375
0 0.4390625 0.21796875 0.1609375 0.17734375
0 0.4640625 0.0484375 0.171875 0.096875
0 0.27578125 0.2578125 0.16640625 0.14609375
0 0.94375 0.41328125 0.11171875 0.18046875