0 0.7359375 0.603125 0.17578125 0.18359375
0 0.7875 0.1234375 0.17578125 0.18359375
0 0.29296875 0.5484375 0.171875 0.18359375
0 0.934375 0.21796875 0.13125 0.18046875
0 0.7578125 0.25859375 0.16953125 0.14140625
0 0.94140625 0.0484375 0.1171875 0.096875
0 0.50859375 0.2453125 0.13359375 0.1578125
0 0.49921875 0.42734375 0.1609375 0.16953125
0 0.32890625 0.39140625 0.165625 0.14609375
0 0.1421875 0.40078125 0.17578125 0.1890625
0 0.1859375 0.1625 0.17890625 0.17734375
0 0.37265625 0.05859375 0.16796875 0.1171875
0 0.528125 0.08515625 0.13671875 0.10703125
0 0.734375 0.4265625 0.15625 0.159375
0 0.90546875 0.4484375 0.17265625 0.18515625
0 0.90703125 0.7359375 0.1859375 0.1859375
0 0.715625 0.74375 0.16640625 0.15625
0 0.68203125 0.9140625 0.17421875 0.1640625
0 0.88203125 0.92578125 0.2015625 0.1484375
0 0.44921875 0.9234375 0.165625 0.15234375
0 0.44921875 0.76484375 0.15625 0.13203125
0 0.47421875 0.6171875 0.1546875 0.15625
0 0.26484375 0.7328125 0.196875 0.18203125
0 0.2515625 0.884375 0.17265625 0.13046875
0 0.08203125 0.9453125 0.1640625 0.109375
0 0.090625 0.7671875 0.17890625 0.2
0 0.0921875 0.59140625 0.1640625 0.14609375