0 0.3578125 0.1890625 0.17578125 0.18359375
0 0.30078125 0.740625 0.171875 0.18359375
0 0.5515625 0.20859375 0.153125 0.1859375
0 0.54375 0.36484375 0.12890625 0.1203125
0 0.6703125 0.484375 0.1265625 0.109375
0 0.90859375 0.53828125 0.165625 0.1484375
0 0.8609375 0.72265625 0.20703125 0.1953125
0 0.81953125 0.9390625 0.1578125 0.12109375
0 0.61640625 0.934375 0.14609375 0.1234375
0 0.44921875 0.9484375 0.16796875 0.103125
0 0.28359375 0.91328125 0.165625 0.1625
0 0.4859375 0.8140625 0.20546875 0.16796875
0 0.646875 0.7 0.16640625 0.17734375
0 0.50703125 0.66171875 0.13984375 0.13671875
0 0.5234375 0.51484375 0.1609375 0.1578125
0 0.34453125 0.57578125 0.16953125 0.14140625
0 0.36640625 0.37578125 0.16796875 0.14453125
0 0.91640625 0.290625 0.1671875 0.15
0 0.7203125 0.26875 0.190625 0.1859375
0 0.78046875 0.08203125 0.190625 0.1640625
0 0.42578125 0.0515625 0.2265625 0.103125
0 0.18671875 0.15234375 0.1609375 0.1578125
0 0.16875 0.3140625 0.1578125 0.17734375
0 0.1390625 0.53203125 0.1875 0.2046875
0 0.0859375 0.71640625 0.15625 0.15
0 0.0734375 0.871875 0.146875 0.18515625
0 0.06875 0.1265625 0.13671875 0.19375