0 0.45703125 0.38671875 0.1875 0.0078125
0 0.44921875 0.475 0.171875 0.18359375
0 0.2421875 0.146875 0.171875 0.18359375
0 0.628125 0.70546875 0.15 0.14296875
0 0.8515625 0.6796875 0.15 0.14296875
0 0.76015625 0.934375 0.1625 0.13125
0 0.55625 0.91328125 0.17734375 0.17109375
0 0.40625 0.7109375 0.16640625 0.2046875
0 0.35546875 0.9359375 0.1859375 0.128125
0 0.65703125 0.46015625 0.16953125 0.203125
0 0.88671875 0.4625 0.2015625 0.1890625
0 0.9 0.25703125 0.19921875 0.1859375
0 0.92265625 0.08125 0.15390625 0.1625
0 0.74140625 0.07734375 0.1875 0.1546875
0 0.69375 0.2515625 0.2390625 0.19375
0 0.478125 0.23828125 0.2 0.18515625
0 0.509375 0.05546875 0.2046875 0.1109375
0 0.32109375 0.0328125 0.1671875 0.065625
0 0.2375 0.32421875 0.18359375 0.17734375
0 0.18671875 0.51015625 0.1875 0.17265625
0 0.16875 0.67734375 0.22109375 0.1953125
0 0.13046875 0.8546875 0.1984375 0.17109375
0 0.0640625 0.3234375 0.12734375 0.1640625
0 0.0765625 0.15625 0.153125 0.153125