0 0.73046875 0.24921875 0.171875 0.18359375
0 0.6953125 0.4203125 0.165625 0.14453125
0 0.6453125 0.6609375 0.1640625 0.1625
0 0.61953125 0.821875 0.10703125 0.10234375
0 0.86875 0.8953125 0.14296875 0.1265625
0 0.90546875 0.70390625 0.18515625 0.17265625
0 0.91796875 0.5375 0.1625 0.1265625
0 0.93671875 0.39921875 0.1265625 0.1453125
0 0.9421875 0.22890625 0.11484375 0.1609375
0 0.78984375 0.0640625 0.1671875 0.128125
0 0.603125 0.05703125 0.203125 0.1140625
0 0.415625 0.0515625 0.1625 0.103125
0 0.14453125 0.059375 0.153125 0.11875
0 0.13046875 0.22421875 0.18359375 0.16796875
0 0.10234375 0.41328125 0.17734375 0.18046875
0 0.27578125 0.46640625 0.1515625 0.18203125
0 0.44609375 0.65078125 0.21953125 0.21015625
0 0.490625 0.4203125 0.21796875 0.1953125
0 0.53671875 0.23125 0.228125 0.18359375
0 0.41484375 0.8875 0.228125 0.20546875
0 0.2578125 0.73671875 0.1578125 0.17265625
0 0.0828125 0.63203125 0.146875 0.14609375
0 0.0609375 0.8640625 0.121875 0.13515625