0 0.50625 0.65625 0.17578125 0.1875
0 0.2109375 0.13125 0.171875 0.18359375
0 0.3921875 0.1734375 0.17109375 0.1640625
0 0.34609375 0.38984375 0.1515625 0.1875
0 0.31015625 0.66875 0.1515625 0.15625
0 0.47265625 0.840625 0.14296875 0.13359375
0 0.153125 0.54296875 0.2015625 0.14296875
0 0.1703125 0.32109375 0.18203125 0.21796875
0 0.5640625 0.20234375 0.19375 0.2296875
0 0.51640625 0.40703125 0.1640625 0.17734375
0 0.71015625 0.45390625 0.17890625 0.17734375
0 0.88046875 0.49296875 0.15 0.1953125
0 0.728125 0.64921875 0.2296875 0.23125
0 0.83515625 0.8890625 0.1859375 0.1546875
0 0.67578125 0.83125 0.14140625 0.121875
0 0.675 0.95 0.12734375 0.1
0 0.9109375 0.7015625 0.1546875 0.21015625
0 0.91953125 0.2875 0.1609375 0.16875
0 0.75390625 0.24296875 0.2046875 0.2296875
0 0.771875 0.0765625 0.1890625 0.153125
0 0.9296875 0.0875 0.140625 0.17421875
0 0.10234375 0.81875 0.1625 0.16796875
0 0.0484375 0.21953125 0.09609375 0.18046875
0 0.06484375 0.05859375 0.12890625 0.1171875