0 0.60390625 0.43125 0.171875 0.18359375
0 0.31171875 0.240625 0.19453125 0.18359375
0 0.8546875 0.21953125 0.1984375 0.17734375
0 0.8140625 0.4390625 0.165625 0.13515625
0 0.78046875 0.64453125 0.1640625 0.1921875
0 0.7234375 0.83359375 0.203125 0.17421875
0 0.60625 0.6359375 0.1609375 0.18515625
0 0.41875 0.65703125 0.19375 0.18515625
0 0.24765625 0.5921875 0.146875 0.17734375
0 0.16796875 0.78828125 0.1859375 0.16953125
0 0.3609375 0.82265625 0.18359375 0.16953125
0 0.53515625 0.8296875 0.18359375 0.17421875
0 0.1546875 0.9390625 0.153125 0.12109375
0 0.3234375 0.9359375 0.196875 0.128125
0 0.075 0.378125 0.15 0.203125
0 0.08046875 0.2109375 0.1609375 0.13984375
0 0.12890625 0.0609375 0.1921875 0.121875
0 0.34609375 0.0765625 0.121875 0.1203125
0 0.51171875 0.165625 0.1515625 0.13671875
0 0.64609375 0.203125 0.1625 0.16796875
0 0.4984375 0.3203125 0.17890625 0.1625
0 0.44609375 0.46796875 0.16796875 0.1609375
0 0.28515625 0.40859375 0.16796875 0.1625
0 0.51640625 0.0484375 0.1609375 0.09609375
0 0.9078125 0.0546875 0.16796875 0.109375
0 0.93359375 0.6765625 0.1328125 0.196875
0 0.9140625 0.8734375 0.171875 0.19140625
0 0.95078125 0.48046875 0.0984375 0.1640625