0 0.4296875 0.6703125 0.171875 0.18359375
0 0.7109375 0.13125 0.171875 0.18359375
0 0.65703125 0.54921875 0.196875 0.1578125
0 0.4671875 0.45078125 0.16796875 0.153125
0 0.23125 0.303125 0.14453125 0.1171875
0 0.12890625 0.053125 0.15625 0.10546875
0 0.0875 0.21328125 0.17265625 0.153125
0 0.053125 0.3921875 0.10546875 0.16796875
0 0.21796875 0.54296875 0.14453125 0.1484375
0 0.059375 0.6015625 0.11875 0.16953125
0 0.14296875 0.7609375 0.2015625 0.16640625
0 0.1328125 0.91953125 0.209375 0.1609375
0 0.3921875 0.8953125 0.21640625 0.209375
0 0.60078125 0.82421875 0.165625 0.16640625
0 0.8203125 0.6578125 0.15 0.13203125
0 0.84921875 0.38984375 0.15625 0.18515625
0 0.66875 0.325 0.18359375 0.21796875
0 0.50390625 0.225 0.196875 0.17421875
0 0.571875 0.05390625 0.12734375 0.1078125
0 0.89140625 0.1765625 0.17578125 0.18203125