0 0.81640625 0.5296875 0.171875 0.18359375
0 0.4234375 0.30625 0.17578125 0.18359375
0 0.2265625 0.45390625 0.15625 0.14140625
0 0.365625 0.49296875 0.14296875 0.1625
0 0.209375 0.63125 0.2 0.1859375
0 0.4015625 0.70234375 0.1875 0.18203125
0 0.165625 0.8140625 0.125 0.1140625
0 0.33046875 0.87421875 0.18046875 0.17109375
0 0.18203125 0.9390625 0.09921875 0.10546875
0 0.24375 0.25234375 0.17109375 0.17109375
0 0.44140625 0.08046875 0.165625 0.1546875
0 0.27890625 0.07109375 0.1609375 0.1421875
0 0.07109375 0.2 0.1421875 0.178125
0 0.0578125 0.4 0.115625 0.14296875
0 0.60078125 0.7890625 0.165625 0.153125
0 0.60234375 0.57890625 0.153125 0.17890625
0 0.6546875 0.41015625 0.15 0.13203125
0 0.68125 0.24140625 0.16640625 0.1515625
0 0.6859375 0.053125 0.15234375 0.10546875
0 0.9234375 0.04296875 0.15234375 0.0859375
0 0.92265625 0.17421875 0.15390625 0.14140625
0 0.8703125 0.3296875 0.18515625 0.1578125
0 0.7984375 0.68359375 0.1640625 0.18359375
0 0.77890625 0.8859375 0.18515625 0.19375
0 0.94296875 0.90390625 0.1140625 0.1359375
0 0.58125 0.9390625 0.16796875 0.12109375