0 0.7359375 0.103125 0.17578125 0.18359375
0 0.91484375 0.22578125 0.1703125 0.1875
0 0.715625 0.240625 0.1609375 0.13828125
0 0.69375 0.4125 0.153125 0.1578125
0 0.6859375 0.53125 0.1578125 0.12734375
0 0.87421875 0.4578125 0.20703125 0.2
0 0.8640625 0.65703125 0.15 0.14609375
0 0.6578125 0.7328125 0.13828125 0.11875
0 0.803125 0.85703125 0.1515625 0.16953125
0 0.63359375 0.92734375 0.16640625 0.14453125
0 0.4203125 0.9453125 0.18203125 0.09921875
0 0.41484375 0.778125 0.16796875 0.146875
0 0.425 0.61171875 0.17421875 0.15
0 0.44296875 0.43984375 0.17109375 0.1625
0 0.4484375 0.27890625 0.16953125 0.1515625
0 0.48125 0.1140625 0.17265625 0.16796875
0 0.30703125 0.08046875 0.18203125 0.1609375
0 0.253125 0.228125 0.20859375 0.20703125
0 0.090625 0.26171875 0.18125 0.1921875
0 0.0921875 0.08828125 0.14609375 0.13515625
0 0.25390625 0.403125 0.17734375 0.1515625
0 0.09375 0.4703125 0.1875 0.16796875
0 0.2640625 0.5484375 0.190625 0.18359375
0 0.228125 0.7125 0.1859375 0.146875
0 0.07734375 0.68203125 0.1546875 0.1921875
0 0.22109375 0.86015625 0.16796875 0.1609375
0 0.06796875 0.90546875 0.13515625 0.18515625