0 0.09765625 0.43125 0.171875 0.18359375
0 0.31640625 0.44296875 0.1578125 0.13515625
0 0.28359375 0.63828125 0.17734375 0.17109375
0 0.0953125 0.6296875 0.16953125 0.17734375
0 0.0671875 0.83515625 0.125 0.1859375
0 0.22734375 0.834375 0.196875 0.1546875
0 0.41953125 0.875 0.17421875 0.19375
0 0.4578125 0.6828125 0.190625 0.17578125
0 0.4984375 0.4875 0.16796875 0.17890625
0 0.546875 0.28203125 0.18359375 0.16953125
0 0.36875 0.22890625 0.203125 0.16953125
0 0.14453125 0.2109375 0.165625 0.1578125
0 0.40703125 0.04921875 0.1453125 0.0984375
0 0.5921875 0.0796875 0.2046875 0.14453125
0 0.775 0.11640625 0.14453125 0.1484375
0 0.934375 0.15 0.13125 0.146875
0 0.91953125 0.30859375 0.1609375 0.1390625
0 0.9078125 0.45390625 0.17265625 0.14140625
0 0.8625 0.61953125 0.18359375 0.16640625
0 0.8234375 0.8015625 0.15 0.16640625
0 0.778125 0.93359375 0.14140625 0.1328125
0 0.953125 0.8296875 0.09375 0.12890625
0 0.9390625 0.9484375 0.12109375 0.103125
0 0.60390625 0.9234375 0.1859375 0.13671875
0 0.64609375 0.77265625 0.1890625 0.14296875
0 0.66484375 0.609375 0.18203125 0.14296875
0 0.709375 0.44140625 0.18046875 0.14453125
0 0.73671875 0.296875 0.16953125 0.13046875