0 0.2359375 0.103125 0.17578125 0.18359375
0 0.58515625 0.13984375 0.14296875 0.146875
0 0.9140625 0.140625 0.171875 0.1953125
0 0.75703125 0.2390625 0.159375 0.153125
0 0.89921875 0.390625 0.2 0.1921875
0 0.5578125 0.36484375 0.125 0.1171875
0 0.4234375 0.23359375 0.165625 0.16953125
0 0.22265625 0.246875 0.165625 0.13671875
0 0.18125 0.40390625 0.1640625 0.153125
0 0.3765625 0.4578125 0.20859375 0.19375
0 0.53984375 0.59296875 0.18203125 0.1640625
0 0.696875 0.52734375 0.153125 0.15625
0 0.8765625 0.5984375 0.1875 0.1640625
0 0.84296875 0.87265625 0.1859375 0.1890625
0 0.66484375 0.74453125 0.190625 0.14296875
0 0.51015625 0.7953125 0.13359375 0.13671875
0 0.47890625 0.94296875 0.18046875 0.11328125
0 0.30546875 0.859375 0.1546875 0.1625
0 0.359375 0.66484375 0.17109375 0.13671875
0 0.19375 0.5375 0.153125 0.1125
0 0.14765625 0.73125 0.109375 0.13046875
0 0.134375 0.92421875 0.16640625 0.15078125