0 0.4140625 0.2046875 0.171875 0.18359375
0 0.95078125 0.45078125 0.0984375 0.1515625
0 0.92734375 0.6796875 0.1453125 0.196875
0 0.89609375 0.896875 0.1796875 0.20625
0 0.715625 0.55 0.13359375 0.13828125
0 0.73515625 0.30625 0.14296875 0.1265625
0 0.63203125 0.05234375 0.1515625 0.1046875
0 0.4296875 0.053125 0.1640625 0.10546875
0 0.58828125 0.21953125 0.1515625 0.165625
0 0.5390625 0.3875 0.15625 0.16796875
0 0.5203125 0.6046875 0.2 0.17890625
0 0.6390625 0.76171875 0.203125 0.17421875
0 0.6359375 0.928125 0.19375 0.13203125
0 0.45546875 0.803125 0.1984375 0.18515625
0 0.290625 0.91328125 0.196875 0.16796875
0 0.0703125 0.92578125 0.140625 0.1484375
0 0.084375 0.7359375 0.16796875 0.19140625
0 0.0984375 0.5484375 0.17578125 0.17109375
0 0.3015625 0.5765625 0.1578125 0.15
0 0.3796875 0.39453125 0.13671875 0.1515625
0 0.13203125 0.3234375 0.12890625 0.10703125
0 0.15078125 0.16171875 0.18203125 0.16640625
0 0.959375 0.24296875 0.08046875 0.1578125