0 0.3203125 0.5359375 0.1640625 0.1703125
0 0.8234375 0.24453125 0.171875 0.18359375
0 0.78828125 0.41328125 0.1546875 0.15625
0 0.83984375 0.0640625 0.146875 0.12734375
0 0.6265625 0.0625 0.17578125 0.125
0 0.45234375 0.0484375 0.1640625 0.096875
0 0.44453125 0.17421875 0.1859375 0.13828125
0 0.59140625 0.21015625 0.13046875 0.13515625
0 0.5421875 0.37421875 0.159375 0.17421875
0 0.509375 0.54921875 0.18359375 0.16953125
0 0.3625 0.35234375 0.18203125 0.16640625
0 0.17734375 0.2515625 0.17421875 0.1515625
0 0.221875 0.0515625 0.15625 0.103125
0 0.153125 0.4203125 0.153125 0.13203125
0 0.11015625 0.59375 0.1609375 0.18046875
0 0.10078125 0.79921875 0.16796875 0.15
0 0.2703125 0.8921875 0.18359375 0.17734375
0 0.2984375 0.69375 0.17890625 0.153125
0 0.66328125 0.77890625 0.1546875 0.14609375
0 0.7515625 0.60078125 0.1640625 0.16796875
0 0.95078125 0.31640625 0.0984375 0.1171875
0 0.9296875 0.465625 0.140625 0.1859375
0 0.91328125 0.6578125 0.1734375 0.17109375
0 0.86328125 0.81796875 0.190625 0.1515625
0 0.83828125 0.9359375 0.1765625 0.128125
0 0.665625 0.9421875 0.17109375 0.11484375
0 0.4515625 0.90390625 0.16640625 0.17265625
0 0.084375 0.93828125 0.16796875 0.11875
0 0.4609375 0.709375 0.1234375 0.13203125