0 0.48828125 0.7953125 0.171875 0.18359375
0 0.22578125 0.775 0.1609375 0.16796875
0 0.66796875 0.9046875 0.14609375 0.12890625
0 0.87890625 0.8296875 0.18359375 0.16640625
0 0.89609375 0.62109375 0.1546875 0.16953125
0 0.7078125 0.6390625 0.1625 0.13984375
0 0.47734375 0.67109375 0.196875 0.13984375
0 0.50546875 0.54921875 0.18203125 0.13984375
0 0.26875 0.4015625 0.18046875 0.17578125
0 0.0703125 0.45859375 0.140625 0.1765625
0 0.02578125 0.9421875 0.05078125 0.11484375
0 0.54296875 0.39765625 0.203125 0.1546875
0 0.71484375 0.49765625 0.17421875 0.13203125
0 0.91171875 0.45859375 0.1765625 0.1671875
0 0.72890625 0.36484375 0.17421875 0.15
0 0.909375 0.2734375 0.18125 0.15
0 0.7296875 0.2046875 0.16640625 0.1484375
0 0.56171875 0.1671875 0.1859375 0.196875
0 0.30234375 0.215625 0.20703125 0.16953125
0 0.334375 0.03984375 0.14609375 0.0796875
0 0.75625 0.0625 0.19140625 0.125
0 0.91796875 0.103125 0.1640625 0.18359375
0 0.09765625 0.06328125 0.13203125 0.1109375