0 0.60546875 0.5640625 0.171875 0.18359375
0 0.55859375 0.86640625 0.203125 0.18359375
0 0.92421875 0.17265625 0.15078125 0.18046875
0 0.90546875 0.4140625 0.18515625 0.18203125
0 0.8671875 0.61875 0.15625 0.165625
0 0.9171875 0.86328125 0.165625 0.1546875
0 0.58359375 0.71796875 0.19375 0.1265625
0 0.6421875 0.4109375 0.17890625 0.1515625
0 0.6421875 0.24921875 0.2 0.1625
0 0.71484375 0.065625 0.153125 0.13046875
0 0.5203125 0.09453125 0.17890625 0.1625
0 0.44765625 0.3015625 0.1921875 0.19375
0 0.28359375 0.4171875 0.17734375 0.16953125
0 0.40078125 0.52421875 0.17734375 0.17734375
0 0.21953125 0.67265625 0.13828125 0.17578125
0 0.37578125 0.7125 0.18046875 0.17578125
0 0.2140625 0.86328125 0.2296875 0.196875
0 0.0640625 0.453125 0.128125 0.1875
0 0.0875 0.23203125 0.17421875 0.1875
0 0.09375 0.0671875 0.18515625 0.13359375
0 0.3 0.08203125 0.17578125 0.1546875