0 0.8203125 0.7671875 0.171875 0.18359375
0 0.6375 0.74921875 0.16953125 0.18203125
0 0.79453125 0.93359375 0.13828125 0.1328125
0 0.61953125 0.9328125 0.13984375 0.134375
0 0.35546875 0.88671875 0.1578125 0.15625
0 0.2 0.83046875 0.1625 0.15625
0 0.0640625 0.83671875 0.128125 0.1609375
0 0.2875 0.6734375 0.18515625 0.17578125
0 0.46015625 0.50859375 0.17265625 0.13671875
0 0.6984375 0.55625 0.18046875 0.18203125
0 0.88515625 0.58203125 0.17109375 0.16953125
0 0.91953125 0.38203125 0.1609375 0.1703125
0 0.72421875 0.33671875 0.17734375 0.1625
0 0.53671875 0.328125 0.18046875 0.1578125
0 0.30078125 0.46484375 0.146875 0.1578125
0 0.18359375 0.459375 0.153125 0.153125
0 0.16640625 0.29296875 0.1890625 0.17109375
0 0.3609375 0.3296875 0.1953125 0.17890625
0 0.24765625 0.0953125 0.1953125 0.16640625
0 0.415625 0.15546875 0.2359375 0.17890625
0 0.60859375 0.13203125 0.1984375 0.1921875
0 0.79296875 0.14375 0.1625 0.190625
0 0.92734375 0.18046875 0.1453125 0.1890625