0 0.771875 0.5796875 0.17578125 0.18359375
0 0.10546875 0.5640625 0.171875 0.18359375
0 0.4296875 0.1703125 0.171875 0.18359375
0 0.553125 0.7203125 0.17578125 0.18359375
0 0.57421875 0.525 0.171875 0.18359375
0 0.596875 0.32265625 0.1578125 0.153125
0 0.81484375 0.165625 0.1578125 0.13671875
0 0.96171875 0.18359375 0.07578125 0.1140625
0 0.9625 0.3375 0.07421875 0.12109375
0 0.95 0.51328125 0.1 0.1515625
0 0.9109375 0.72109375 0.13984375 0.1625
0 0.9015625 0.89140625 0.15 0.16640625
0 0.7609375 0.84296875 0.1546875 0.15625
0 0.4171875 0.871875 0.18515625 0.16953125
0 0.365625 0.621875 0.18203125 0.17109375
0 0.396875 0.4046875 0.21015625 0.22421875
0 0.64921875 0.0625 0.2046875 0.125
0 0.20546875 0.0609375 0.14453125 0.121875
0 0.1453125 0.25703125 0.203125 0.159375
0 0.134375 0.4078125 0.21171875 0.1546875
0 0.096875 0.73828125 0.19375 0.1609375
0 0.0875 0.8828125 0.175 0.171875
0 0.0640625 0.09609375 0.12734375 0.153125