0 0.77734375 0.5640625 0.1796875 0.18359375
0 0.73828125 0.73046875 0.1578125 0.15
0 0.91328125 0.72578125 0.1734375 0.1859375
0 0.9078125 0.9140625 0.18359375 0.1640625
0 0.55234375 0.8390625 0.18515625 0.17265625
0 0.37578125 0.8296875 0.16796875 0.17578125
0 0.57734375 0.65859375 0.1609375 0.1546875
0 0.165625 0.90625 0.16953125 0.13828125
0 0.39609375 0.62421875 0.18515625 0.16640625
0 0.41484375 0.459375 0.1921875 0.16640625
0 0.628125 0.4234375 0.18046875 0.17421875
0 0.80078125 0.35546875 0.18046875 0.19375
0 0.646875 0.228125 0.12734375 0.146875
0 0.86015625 0.1703125 0.17890625 0.1546875
0 0.4125 0.278125 0.1875 0.1625
0 0.42890625 0.11171875 0.19375 0.17578125
0 0.68984375 0.05078125 0.1671875 0.1015625
0 0.940625 0.5015625 0.11796875 0.1921875
0 0.203125 0.64296875 0.17109375 0.13203125
0 0.22421875 0.5015625 0.159375 0.146875
0 0.221875 0.3609375 0.16953125 0.1578125
0 0.22578125 0.2171875 0.16953125 0.1609375
0 0.24375 0.0640625 0.203125 0.12734375
0 0.07421875 0.1859375 0.1484375 0.16796875
0 0.07109375 0.40859375 0.1421875 0.1953125
0 0.0453125 0.5796875 0.08984375 0.16015625