0 0.55625 0.365625 0.2140625 0.18359375
0 0.9125 0.3546875 0.17265625 0.17734375
0 0.8734375 0.121875 0.18203125 0.17734375
0 0.60625 0.08671875 0.20546875 0.14609375
0 0.39453125 0.0546875 0.1875 0.109375
0 0.2046875 0.17421875 0.165625 0.18046875
0 0.36484375 0.2125 0.17421875 0.17265625
0 0.5734375 0.21484375 0.2390625 0.13203125
0 0.21796875 0.3625 0.234375 0.190625
0 0.05859375 0.6984375 0.1171875 0.18359375
0 0.2484375 0.7078125 0.16953125 0.1625
0 0.459375 0.70625 0.21796875 0.1859375
0 0.6734375 0.69453125 0.1203125 0.121875
0 0.9015625 0.70546875 0.14453125 0.14609375
0 0.8125 0.89453125 0.17109375 0.19375
0 0.61015625 0.88359375 0.14140625 0.14453125
0 0.43671875 0.8796875 0.21171875 0.1640625
0 0.24140625 0.89375 0.17890625 0.159375
0 0.0609375 0.89609375 0.121875 0.18203125