0 0.553125 0.2203125 0.17578125 0.18359375
0 0.4203125 0.3625 0.1890625 0.17890625
0 0.75703125 0.3421875 0.146875 0.17421875
0 0.6296875 0.69296875 0.17734375 0.18359375
0 0.8234375 0.7125 0.153125 0.13671875
0 0.91640625 0.89453125 0.159375 0.1546875
0 0.50390625 0.8890625 0.1515625 0.1640625
0 0.39140625 0.70546875 0.14609375 0.13984375
0 0.17265625 0.6921875 0.1265625 0.109375
0 0.3125 0.896875 0.17734375 0.16796875
0 0.1078125 0.8890625 0.153125 0.1546875
0 0.07421875 0.38046875 0.1484375 0.13515625
0 0.08828125 0.234375 0.1765625 0.153125
0 0.10078125 0.0859375 0.18046875 0.15
0 0.37265625 0.10234375 0.18359375 0.15625
0 0.56953125 0.05546875 0.159375 0.1109375
0 0.76484375 0.0875 0.1796875 0.175
0 0.953125 0.0484375 0.09375 0.096875
0 0.915625 0.225 0.1578125 0.165625
0 0.91484375 0.3890625 0.159375 0.14453125