0 0.48828125 0.2953125 0.171875 0.18359375
0 0.665625 0.40625 0.15 0.12734375
0 0.83203125 0.596875 0.17421875 0.16640625
0 0.8234375 0.778125 0.12890625 0.1234375
0 0.953125 0.7828125 0.09375 0.12890625
0 0.4203125 0.7234375 0.15 0.18203125
0 0.24765625 0.6640625 0.075 0.08984375
0 0.1484375 0.5109375 0.09296875 0.146875
0 0.27578125 0.50234375 0.14609375 0.1578125
0 0.4546875 0.5140625 0.2 0.1984375
0 0.65546875 0.58125 0.18203125 0.18359375
0 0.8765625 0.33203125 0.19375 0.17109375
0 0.90234375 0.11796875 0.1640625 0.1515625
0 0.70625 0.0390625 0.153125 0.078125
0 0.69609375 0.14140625 0.17890625 0.13203125
0 0.4921875 0.05859375 0.1953125 0.1171875
0 0.465625 0.17421875 0.23125 0.1140625
0 0.21953125 0.26796875 0.1921875 0.16953125