0 0.8203125 0.2671875 0.171875 0.18359375
0 0.7359375 0.6421875 0.159375 0.190625
0 0.9296875 0.66328125 0.140625 0.13671875
0 0.7953125 0.43046875 0.1609375 0.1609375
0 0.57890625 0.58671875 0.1125 0.12734375
0 0.40078125 0.9296875 0.146875 0.13515625
0 0.5640625 0.93203125 0.17578125 0.13046875
0 0.31015625 0.54921875 0.196875 0.19375
0 0.365625 0.39296875 0.16640625 0.1609375
0 0.60859375 0.43203125 0.1625 0.14296875
0 0.64765625 0.24453125 0.159375 0.1859375
0 0.709375 0.06875 0.190625 0.1375
0 0.884375 0.078125 0.18203125 0.15625
0 0.9421875 0.4859375 0.11484375 0.1546875
0 0.20703125 0.33515625 0.17109375 0.20703125
0 0.2953125 0.16953125 0.190625 0.17109375
0 0.45546875 0.0484375 0.17109375 0.09609375
0 0.06875 0.3421875 0.1375 0.178125
0 0.07734375 0.52890625 0.1546875 0.1921875