0 0.51953125 0.884375 0.171875 0.18359375
0 0.546875 0.70546875 0.18046875 0.16640625
0 0.7484375 0.7109375 0.165625 0.1625
0 0.9203125 0.71640625 0.15859375 0.15625
0 0.47265625 0.4 0.18515625 0.1578125
0 0.74453125 0.89296875 0.16953125 0.16640625
0 0.91484375 0.88203125 0.1703125 0.1859375
0 0.278125 0.8546875 0.1984375 0.21328125
0 0.184375 0.64609375 0.1875 0.17421875
0 0.08828125 0.846875 0.17421875 0.17265625
0 0.08046875 0.3859375 0.1609375 0.153125
0 0.2609375 0.29140625 0.17265625 0.17421875
0 0.478125 0.18203125 0.17734375 0.15
0 0.7171875 0.3578125 0.24765625 0.2046875
0 0.875 0.21875 0.19375 0.190625
0 0.89765625 0.05859375 0.18515625 0.1171875
0 0.70625 0.18046875 0.14453125 0.20703125
0 0.303125 0.096875 0.18203125 0.1875
0 0.1375 0.16875 0.203125 0.190625
0 0.04296875 0.6625 0.0859375 0.20703125