0 0.09375 0.3140625 0.171875 0.18359375
0 0.25234375 0.3609375 0.159375 0.1921875
0 0.3015625 0.078125 0.109375 0.1140625
0 0.5390625 0.4 0.1625 0.1640625
0 0.434375 0.734375 0.1171875 0.1078125
0 0.23515625 0.71015625 0.1609375 0.14296875
0 0.6328125 0.753125 0.1265625 0.14296875
0 0.8359375 0.80234375 0.12734375 0.153125
0 0.73359375 0.39609375 0.1484375 0.1484375
0 0.22890625 0.88203125 0.1640625 0.159375
0 0.08515625 0.89453125 0.109375 0.1578125
0 0.6328125 0.93359375 0.171875 0.1328125
0 0.8140625 0.94609375 0.18046875 0.1078125
0 0.8984375 0.315625 0.18046875 0.2015625
0 0.71484375 0.21953125 0.2015625 0.17734375
0 0.55390625 0.175 0.1640625 0.17890625
0 0.75390625 0.0640625 0.1796875 0.128125
0 0.9265625 0.09609375 0.146875 0.1921875