0 0.39296875 0.80390625 0.18203125 0.18359375
0 0.69375 0.92265625 0.16953125 0.15390625
0 0.91171875 0.90703125 0.1765625 0.1828125
0 0.9546875 0.68828125 0.090625 0.1578125
0 0.953125 0.415625 0.09375 0.22265625
0 0.7515625 0.73125 0.190625 0.190625
0 0.56640625 0.76796875 0.1859375 0.17734375
0 0.521875 0.95078125 0.16953125 0.0984375
0 0.16796875 0.8296875 0.240625 0.2015625
0 0.20703125 0.62734375 0.1859375 0.18203125
0 0.44375 0.58046875 0.1875 0.1640625
0 0.61015625 0.5578125 0.17421875 0.17265625
0 0.79296875 0.4765625 0.17421875 0.16796875
0 0.76953125 0.603125 0.1625 0.115625
0 0.81796875 0.2828125 0.20859375 0.1953125
0 0.8671875 0.078125 0.18359375 0.15625
0 0.69140625 0.1015625 0.165625 0.1484375
0 0.5125 0.140625 0.165625 0.1609375
0 0.6453125 0.321875 0.13984375 0.1578125
0 0.48515625 0.29296875 0.17109375 0.13515625
0 0.4640625 0.4234375 0.153125 0.153125
0 0.27578125 0.38828125 0.19375 0.2
0 0.30078125 0.15859375 0.1953125 0.17578125
0 0.0984375 0.14765625 0.18203125 0.17578125
0 0.075 0.4390625 0.15 0.18359375
0 0.05234375 0.63515625 0.1046875 0.1578125