0 0.78125 0.303125 0.171875 0.18359375
0 0.671875 0.8921875 0.171875 0.18359375
0 0.76328125 0.49921875 0.18359375 0.16640625
0 0.7234375 0.66875 0.1875 0.12890625
0 0.69375 0.77890625 0.17421875 0.09765625
0 0.5015625 0.69765625 0.153125 0.14609375
0 0.5109375 0.42578125 0.17421875 0.18203125
0 0.58515625 0.14375 0.13671875 0.14609375
0 0.853125 0.1171875 0.153125 0.146875
0 0.9546875 0.49921875 0.090625 0.1421875
0 0.93359375 0.63671875 0.1328125 0.13828125
0 0.9140625 0.77734375 0.171875 0.171875
0 0.890625 0.93828125 0.21875 0.1234375
0 0.42578125 0.9078125 0.17890625 0.1640625
0 0.253125 0.7328125 0.1875 0.16640625
0 0.1890625 0.928125 0.1859375 0.13671875
0 0.07890625 0.77734375 0.1578125 0.17578125
0 0.0921875 0.57421875 0.18359375 0.1484375
0 0.25625 0.5828125 0.17890625 0.1140625
0 0.2984375 0.46953125 0.17890625 0.13046875
0 0.3203125 0.28671875 0.2046875 0.18359375
0 0.38125 0.07109375 0.18125 0.1421875
0 0.20390625 0.09921875 0.1640625 0.15
0 0.14921875 0.3140625 0.1578125 0.17421875