0 0.09921875 0.41484375 0.171875 0.18359375
0 0.27890625 0.50078125 0.21484375 0.21484375
0 0.08046875 0.59375 0.1546875 0.165625
0 0.2234375 0.84375 0.1546875 0.18203125
0 0.4515625 0.94609375 0.16640625 0.1078125
0 0.4328125 0.8296875 0.15625 0.13046875
0 0.434375 0.659375 0.15 0.1890625
0 0.25625 0.675 0.17578125 0.13671875
0 0.0578125 0.75859375 0.115625 0.15625
0 0.12265625 0.2578125 0.1875 0.16640625
0 0.2734375 0.3203125 0.18046875 0.1625
0 0.3296875 0.11484375 0.190625 0.2
0 0.07265625 0.06796875 0.1453125 0.1359375