0 0.796875 0.5640625 0.171875 0.18359375
0 0.4140625 0.40078125 0.21796875 0.17421875
0 0.65546875 0.36328125 0.17265625 0.16796875
0 0.85 0.3125 0.16953125 0.1984375
0 0.85390625 0.1078125 0.2 0.1234375
0 0.640625 0.16640625 0.1875 0.17734375
0 0.415625 0.228125 0.21796875 0.15625
0 0.35625 0.56484375 0.1984375 0.153125
0 0.75546875 0.74453125 0.18046875 0.16640625
0 0.53046875 0.88984375 0.18359375 0.17578125
0 0.33828125 0.740625 0.1921875 0.17109375
0 0.5234375 0.6890625 0.17890625 0.17265625
0 0.596875 0.51875 0.1515625 0.1578125
0 0.1125 0.24375 0.225 0.18046875
0 0.17109375 0.071875 0.2109375 0.14375
0 0.42734375 0.0734375 0.21484375 0.146875
0 0.07421875 0.4984375 0.1484375 0.19140625
0 0.18828125 0.6640625 0.14296875 0.153125
0 0.3171875 0.91953125 0.184375 0.1609375
0 0.153125 0.88125 0.165625 0.16953125