0 0.28125 0.303125 0.171875 0.18359375
0 0.171875 0.8921875 0.171875 0.18359375
0 0.19296875 0.771875 0.18515625 0.1203125
0 0.23828125 0.671875 0.20859375 0.153125
0 0.04921875 0.703125 0.0984375 0.159375
0 0.05390625 0.4171875 0.1078125 0.2296875
0 0.10859375 0.14453125 0.196875 0.159375
0 0.2625 0.5015625 0.20546875 0.165625
0 0.34453125 0.11015625 0.1546875 0.13984375
0 0.596875 0.06171875 0.2 0.1234375
0 0.559375 0.209375 0.2 0.16640625
0 0.7578125 0.17109375 0.17265625 0.1625
0 0.93125 0.1234375 0.13671875 0.16015625
0 0.73046875 0.35390625 0.17109375 0.18515625
0 0.53203125 0.3546875 0.20703125 0.146875
0 0.49609375 0.48515625 0.1984375 0.17734375
0 0.478125 0.63984375 0.22421875 0.153125
0 0.4359375 0.77734375 0.18046875 0.196875
0 0.3890625 0.93359375 0.22265625 0.1328125
0 0.5953125 0.87890625 0.1609375 0.15
0 0.63984375 0.72578125 0.2015625 0.159375
0 0.67578125 0.54140625 0.165625 0.1484375
0 0.878125 0.50390625 0.190625 0.1609375
0 0.8265625 0.74140625 0.18046875 0.2
0 0.81171875 0.92578125 0.1875 0.1484375
0 0.9140625 0.3203125 0.171875 0.16796875