0 0.584375 0.4046875 0.17578125 0.18359375
0 0.7328125 0.82734375 0.1875 0.1578125
0 0.94140625 0.9421875 0.11640625 0.11484375
0 0.52265625 0.753125 0.153125 0.13984375
0 0.346875 0.87265625 0.159375 0.16796875
0 0.1515625 0.85546875 0.165625 0.14296875
0 0.165625 0.65703125 0.1625 0.1484375
0 0.5546875 0.57890625 0.153125 0.14296875
0 0.76484375 0.66484375 0.17734375 0.13984375
0 0.75859375 0.49765625 0.153125 0.17421875
0 0.09609375 0.2953125 0.16796875 0.18515625
0 0.49609375 0.17109375 0.153125 0.18046875
0 0.27890625 0.18046875 0.2390625 0.17109375
0 0.4 0.453125 0.1609375 0.196875
0 0.93671875 0.65 0.1265625 0.1875
0 0.9421875 0.82265625 0.1078125 0.11875
0 0.77421875 0.34921875 0.115625 0.1125
0 0.61640625 0.28125 0.13359375 0.17421875
0 0.309375 0.06796875 0.159375 0.13515625
0 0.1921875 0.47578125 0.21328125 0.1875
0 0.8109375 0.21171875 0.16953125 0.17734375
0 0.3890625 0.6546875 0.1265625 0.14296875
0 0.8 0.0625 0.1609375 0.125