0 0.296875 0.5640625 0.171875 0.18359375
0 0.87890625 0.803125 0.171875 0.18359375
0 0.6734375 0.83125 0.21484375 0.190625
0 0.70546875 0.6265625 0.18203125 0.17734375
0 0.5203125 0.640625 0.16953125 0.1578125
0 0.54375 0.434375 0.22265625 0.1984375
0 0.77734375 0.38125 0.19375 0.21015625
0 0.93046875 0.5828125 0.1390625 0.16796875
0 0.940625 0.3640625 0.11796875 0.1875
0 0.80625 0.153125 0.190625 0.1890625
0 0.58671875 0.14609375 0.203125 0.1921875
0 0.34921875 0.0875 0.2078125 0.175
0 0.340625 0.30625 0.17890625 0.20703125
0 0.26953125 0.7625 0.18203125 0.1515625
0 0.0640625 0.8796875 0.12734375 0.1875
0 0.09921875 0.5234375 0.14453125 0.16640625
0 0.15625 0.35078125 0.1859375 0.16953125
0 0.06875 0.68359375 0.13671875 0.20703125
0 0.125 0.1671875 0.22265625 0.20546875