0 0.24609375 0.771875 0.171875 0.18359375
0 0.9140625 0.57734375 0.171875 0.17890625
0 0.88046875 0.8078125 0.18046875 0.17890625
0 0.684375 0.771875 0.1640625 0.21015625
0 0.7078125 0.52421875 0.159375 0.17421875
0 0.76484375 0.25546875 0.17421875 0.146875
0 0.80078125 0.078125 0.1796875 0.15625
0 0.61015625 0.0515625 0.1609375 0.103125
0 0.5203125 0.1984375 0.17578125 0.17421875
0 0.52734375 0.3859375 0.20703125 0.2046875
0 0.48359375 0.55703125 0.1953125 0.17421875
0 0.48203125 0.7359375 0.1953125 0.18359375
0 0.40625 0.8921875 0.2328125 0.21015625
0 0.8484375 0.9484375 0.17578125 0.103125
0 0.2828125 0.6109375 0.190625 0.17578125
0 0.31796875 0.41484375 0.18203125 0.15625
0 0.1125 0.5828125 0.14453125 0.15625
0 0.0703125 0.9328125 0.140625 0.134375
0 0.34375 0.24140625 0.21328125 0.17265625
0 0.36015625 0.0734375 0.20546875 0.146875
0 0.19609375 0.175 0.14609375 0.18203125
0 0.146875 0.3734375 0.17890625 0.17265625