0 0.890625 0.29765625 0.19609375 0.19375
0 0.92734375 0.07890625 0.1453125 0.1578125
0 0.70703125 0.12734375 0.17578125 0.1921875
0 0.521875 0.13671875 0.1609375 0.165625
0 0.6671875 0.33046875 0.21953125 0.1984375
0 0.61171875 0.6046875 0.1921875 0.21484375
0 0.41796875 0.5796875 0.2015625 0.2046875
0 0.82578125 0.62890625 0.1875 0.203125
0 0.86171875 0.453125 0.1578125 0.1609375
0 0.8078125 0.7921875 0.17265625 0.16640625
0 0.94296875 0.7328125 0.11328125 0.1890625
0 0.92890625 0.915625 0.1421875 0.16875
0 0.75078125 0.91953125 0.1921875 0.1609375
0 0.5671875 0.8328125 0.18203125 0.1640625
0 0.37890625 0.80625 0.1921875 0.19375
0 0.21875 0.5109375 0.190625 0.2015625
0 0.2640625 0.25625 0.18515625 0.18515625
0 0.2984375 0.078125 0.20703125 0.15625
0 0.09453125 0.04921875 0.1796875 0.0984375
0 0.06640625 0.3703125 0.12890625 0.21171875
0 0.1859375 0.77265625 0.2 0.2390625
0 0.34765625 0.946875 0.203125 0.10546875