0 0.8046875 0.525 0.171875 0.18359375
0 0.4640625 0.15078125 0.18046875 0.16640625
0 0.66484375 0.32578125 0.18515625 0.17734375
0 0.859375 0.3515625 0.1984375 0.17421875
0 0.6046875 0.515625 0.21796875 0.1953125
0 0.7921875 0.69765625 0.21484375 0.16953125
0 0.7359375 0.85078125 0.2015625 0.18203125
0 0.91171875 0.9015625 0.1765625 0.1875
0 0.5765625 0.68671875 0.1265625 0.1234375
0 0.4 0.68125 0.20703125 0.17265625
0 0.40859375 0.503125 0.17421875 0.18359375
0 0.4546875 0.31953125 0.21484375 0.196875
0 0.6703125 0.13828125 0.17109375 0.1625
0 0.89453125 0.15859375 0.14609375 0.1546875
0 0.51796875 0.875 0.21015625 0.2
0 0.1265625 0.73828125 0.20703125 0.21484375
0 0.1796875 0.51484375 0.22109375 0.190625
0 0.20546875 0.3421875 0.2046875 0.1578125
0 0.22421875 0.165625 0.1890625 0.17734375
0 0.3171875 0.89609375 0.1984375 0.1875
0 0.08828125 0.92265625 0.1765625 0.1515625