0 0.671875 0.3921875 0.171875 0.18359375
0 0.7203125 0.1640625 0.19375 0.13203125
0 0.69375 0.278125 0.1953125 0.1140625
0 0.65703125 0.58828125 0.18515625 0.16640625
0 0.60390625 0.771875 0.2046875 0.165625
0 0.55859375 0.9296875 0.1890625 0.140625
0 0.353125 0.87734375 0.21328125 0.1921875
0 0.38515625 0.64921875 0.20859375 0.1921875
0 0.4296875 0.4140625 0.18046875 0.1875
0 0.50390625 0.19921875 0.17265625 0.17265625
0 0.93125 0.12890625 0.13671875 0.1328125
0 0.75625 0.04296875 0.22265625 0.0859375
0 0.9203125 0.2859375 0.15859375 0.17265625
0 0.8921875 0.45703125 0.21484375 0.1640625
0 0.87421875 0.64609375 0.22265625 0.21015625
0 0.82421875 0.85625 0.20546875 0.18046875
0 0.171875 0.59609375 0.20859375 0.12890625
0 0.18125 0.42890625 0.20859375 0.16953125
0 0.25390625 0.228125 0.21640625 0.18359375
0 0.078125 0.25390625 0.15625 0.171875
0 0.28515625 0.06484375 0.1859375 0.12890625
0 0.08046875 0.0640625 0.1609375 0.12734375
0 0.1359375 0.8109375 0.1875 0.17421875