0 0.3046875 0.525 0.171875 0.18359375
0 0.109375 0.51640625 0.21015625 0.19375
0 0.29765625 0.7 0.2015625 0.159375
0 0.50390625 0.60546875 0.18515625 0.146875
0 0.46953125 0.76484375 0.13046875 0.13203125
0 0.40234375 0.91171875 0.1796875 0.1765625
0 0.2421875 0.865625 0.21953125 0.1859375
0 0.0671875 0.853125 0.13359375 0.26171875
0 0.36015625 0.34609375 0.20859375 0.17265625
0 0.14453125 0.32578125 0.2015625 0.17421875
0 0.1453125 0.1421875 0.18515625 0.14296875
0 0.71640625 0.340625 0.1921875 0.16640625
0 0.75859375 0.16953125 0.18046875 0.1203125
0 0.9234375 0.32734375 0.15234375 0.13203125
0 0.91640625 0.490625 0.1671875 0.14375
0 0.6640625 0.66953125 0.17421875 0.14296875
0 0.8734375 0.70703125 0.17890625 0.1578125
0 0.85 0.90546875 0.1984375 0.1890625
0 0.63828125 0.80859375 0.165625 0.1203125
0 0.59609375 0.9328125 0.17734375 0.134375
0 0.52734375 0.24140625 0.14453125 0.14296875
0 0.93828125 0.11484375 0.1234375 0.1296875
0 0.584375 0.065625 0.17734375 0.13046875