0 0.74609375 0.771875 0.171875 0.18359375
0 0.8921875 0.8890625 0.215625 0.21640625
0 0.7015625 0.946875 0.15234375 0.10546875
0 0.54765625 0.9265625 0.1875 0.146875
0 0.35234375 0.91953125 0.21484375 0.159375
0 0.134375 0.921875 0.19140625 0.15625
0 0.19375 0.73203125 0.1625 0.16796875
0 0.0484375 0.72421875 0.09609375 0.153125
0 0.23828125 0.43984375 0.16640625 0.14453125
0 0.29609375 0.225 0.1921875 0.17265625
0 0.3140625 0.06875 0.209375 0.1375
0 0.55859375 0.059375 0.22265625 0.11875
0 0.5234375 0.228125 0.19375 0.17421875
0 0.45625 0.4453125 0.21484375 0.21484375
0 0.6546875 0.371875 0.1609375 0.1546875
0 0.81953125 0.41484375 0.19375 0.17421875
0 0.68984375 0.175 0.159375 0.196875
0 0.846875 0.071875 0.21875 0.14375
0 0.85 0.234375 0.1953125 0.18046875
0 0.79375 0.59765625 0.21484375 0.17734375
0 0.42578125 0.6234375 0.2390625 0.14140625
0 0.615625 0.57890625 0.15 0.17578125
0 0.5921875 0.77109375 0.146875 0.15
0 0.415625 0.771875 0.1875 0.14609375
0 0.0625 0.43359375 0.125 0.1484375
0 0.0765625 0.26640625 0.153125 0.1515625
0 0.11328125 0.0875 0.1640625 0.1640625
0 0.93984375 0.7 0.11953125 0.1234375