0 0.3265625 0.478125 0.17578125 0.18359375
0 0.37890625 0.290625 0.165625 0.17265625
0 0.4109375 0.0921875 0.17265625 0.14609375
0 0.2078125 0.04453125 0.16640625 0.08828125
0 0.18984375 0.2890625 0.1578125 0.21171875
0 0.11875 0.50234375 0.146875 0.11875
0 0.2828125 0.70703125 0.1875 0.21796875
0 0.47734375 0.77109375 0.19375 0.16796875
0 0.5265625 0.5671875 0.17265625 0.17890625
0 0.571875 0.33515625 0.1609375 0.16796875
0 0.60625 0.10234375 0.17265625 0.1859375
0 0.821875 0.12421875 0.17109375 0.17265625
0 0.80859375 0.29765625 0.17109375 0.1265625
0 0.7578125 0.44453125 0.18203125 0.1859375
0 0.72734375 0.628125 0.17421875 0.16796875
0 0.8984375 0.66328125 0.16796875 0.22421875
0 0.92578125 0.434375 0.1484375 0.1953125
0 0.684375 0.78984375 0.19375 0.190625
0 0.89453125 0.9234375 0.17265625 0.15234375
0 0.69296875 0.93046875 0.21015625 0.1390625
0 0.2390625 0.92265625 0.18046875 0.15390625
0 0.06875 0.7953125 0.1375 0.184375
0 0.95 0.24765625 0.1 0.14453125