0 0.54609375 0.44375 0.2015625 0.19296875
0 0.65625 0.0875 0.16796875 0.17421875
0 0.60390625 0.275 0.1859375 0.159375
0 0.39453125 0.13671875 0.18515625 0.165625
0 0.33515625 0.36328125 0.21015625 0.18046875
0 0.2953125 0.58515625 0.17265625 0.14609375
0 0.2828125 0.784375 0.19375 0.1984375
0 0.53203125 0.63515625 0.17421875 0.153125
0 0.48203125 0.79609375 0.2046875 0.14453125
0 0.69375 0.78125 0.17890625 0.15625
0 0.90703125 0.8359375 0.17578125 0.17890625
0 0.915625 0.63828125 0.16875 0.1734375
0 0.759375 0.55234375 0.1484375 0.13984375
0 0.80859375 0.3515625 0.17109375 0.16796875
0 0.8796875 0.1375 0.17265625 0.18203125
0 0.14453125 0.07578125 0.18359375 0.1515625
0 0.11796875 0.309375 0.18203125 0.2046875
0 0.1015625 0.55390625 0.203125 0.203125