0 0.24609375 0.271875 0.171875 0.18359375
0 0.8265625 0.478125 0.17578125 0.18359375
0 0.4875 0.2390625 0.18203125 0.18359375
0 0.684375 0.26953125 0.16953125 0.21484375
0 0.87265625 0.2953125 0.16796875 0.17265625
0 0.90234375 0.09140625 0.16640625 0.1625
0 0.70625 0.0484375 0.1859375 0.09609375
0 0.5 0.06796875 0.1921875 0.13515625
0 0.29296875 0.08828125 0.1984375 0.1765625
0 0.19609375 0.5015625 0.17578125 0.165625
0 0.08359375 0.43671875 0.16640625 0.1875
0 0.14296875 0.69375 0.2015625 0.2046875
0 0.32421875 0.78203125 0.2015625 0.14609375
0 0.4140625 0.59765625 0.2296875 0.1859375
0 0.41015625 0.3890625 0.25546875 0.21328125
0 0.6203125 0.4984375 0.1625 0.153125
0 0.78671875 0.70859375 0.21171875 0.25078125
0 0.7515625 0.91640625 0.184375 0.1671875
0 0.5484375 0.79765625 0.20703125 0.18046875
0 0.3171875 0.92265625 0.25546875 0.15390625
0 0.08125 0.26015625 0.153125 0.13203125
0 0.9484375 0.771875 0.103125 0.2
0 0.08515625 0.08515625 0.16953125 0.16953125