0 0.584375 0.8921875 0.17578125 0.18359375
0 0.40703125 0.80390625 0.153125 0.153125
0 0.81328125 0.95625 0.1734375 0.0875
0 0.853125 0.8078125 0.1859375 0.1578125
0 0.61953125 0.67890625 0.196875 0.18359375
0 0.6875 0.45625 0.196875 0.18515625
0 0.49765625 0.35546875 0.18359375 0.190625
0 0.54609375 0.14453125 0.21171875 0.20703125
0 0.771875 0.20078125 0.190625 0.13671875
0 0.77265625 0.05859375 0.2265625 0.1171875
0 0.89140625 0.40546875 0.20859375 0.21328125
0 0.89296875 0.63203125 0.20859375 0.19375
0 0.2640625 0.47578125 0.2015625 0.18515625
0 0.2109375 0.6890625 0.20859375 0.18203125
0 0.34453125 0.94296875 0.1984375 0.1140625
0 0.084375 0.49921875 0.16796875 0.196875
0 0.28515625 0.2984375 0.21953125 0.196875
0 0.32578125 0.1046875 0.2046875 0.20859375
0 0.13046875 0.08984375 0.15625 0.17421875
0 0.06171875 0.7015625 0.1234375 0.1890625