0 0.70703125 0.6421875 0.171875 0.18359375
0 0.7421875 0.42109375 0.17734375 0.16640625
0 0.90546875 0.50625 0.17890625 0.1984375
0 0.9015625 0.72890625 0.1921875 0.1953125
0 0.84453125 0.928125 0.2015625 0.14296875
0 0.65390625 0.8625 0.17421875 0.21328125
0 0.50546875 0.76484375 0.196875 0.1890625
0 0.25390625 0.9140625 0.21328125 0.171875
0 0.30078125 0.76796875 0.1890625 0.15
0 0.28359375 0.5984375 0.234375 0.1875
0 0.5015625 0.52265625 0.1109375 0.1203125
0 0.546875 0.3 0.2015625 0.190625
0 0.80078125 0.2078125 0.2046875 0.2328125
0 0.9390625 0.28203125 0.12109375 0.17578125
0 0.40703125 0.09609375 0.21640625 0.1921875
0 0.14140625 0.19375 0.21953125 0.1984375
0 0.3265625 0.28125 0.20859375 0.1625
0 0.31328125 0.42109375 0.2390625 0.1546875
0 0.10546875 0.52265625 0.17734375 0.1625
0 0.09453125 0.69765625 0.1859375 0.18515625
0 0.04921875 0.88046875 0.0984375 0.2359375
0 0.18125 0.04296875 0.22265625 0.0859375
0 0.4640625 0.953125 0.17421875 0.09375