0 0.20703125 0.6421875 0.171875 0.18359375
0 0.946875 0.6890625 0.10546875 0.18359375
0 0.91640625 0.89296875 0.1671875 0.1921875
0 0.77421875 0.84140625 0.17265625 0.21328125
0 0.82109375 0.62578125 0.1609375 0.22109375
0 0.8578125 0.42109375 0.16796875 0.20859375
0 0.90703125 0.16484375 0.1859375 0.22109375
0 0.7359375 0.1265625 0.1859375 0.16953125
0 0.70625 0.2984375 0.22265625 0.16640625
0 0.6921875 0.440625 0.196875 0.16953125
0 0.665625 0.5953125 0.1890625 0.1640625
0 0.6296875 0.7421875 0.21328125 0.165625
0 0.60390625 0.86484375 0.2015625 0.1578125
0 0.5484375 0.946875 0.18359375 0.10546875
0 0.47578125 0.271875 0.2 0.1859375
0 0.5234375 0.0765625 0.19375 0.153125
0 0.2984375 0.2046875 0.21484375 0.240625
0 0.24296875 0.41328125 0.18203125 0.146875
0 0.43125 0.5078125 0.21953125 0.2046875
0 0.0734375 0.29375 0.146875 0.196875
0 0.15078125 0.85859375 0.2 0.20546875
0 0.39453125 0.73984375 0.190625 0.196875
0 0.34609375 0.92421875 0.20546875 0.15078125