0 0.0859375 0.8921875 0.171875 0.18359375
0 0.12734375 0.6703125 0.21953125 0.165625
0 0.1890625 0.45859375 0.18046875 0.16796875
0 0.06875 0.134375 0.1375 0.19375
0 0.25390625 0.06484375 0.1984375 0.12890625
0 0.26953125 0.209375 0.22109375 0.13359375
0 0.05234375 0.36875 0.1046875 0.225
0 0.2984375 0.96015625 0.17578125 0.07890625
0 0.346875 0.8140625 0.1953125 0.18359375
0 0.38984375 0.61171875 0.2 0.1953125
0 0.39609375 0.4 0.190625 0.196875
0 0.6046875 0.278125 0.2296875 0.1625
0 0.6125 0.46640625 0.18203125 0.196875
0 0.57578125 0.6578125 0.15 0.15625
0 0.51796875 0.79609375 0.1984375 0.1625
0 0.5140625 0.9421875 0.17734375 0.11484375
0 0.72734375 0.78125 0.17734375 0.17734375
0 0.93828125 0.63671875 0.1234375 0.2203125
0 0.809375 0.43203125 0.18515625 0.16640625
0 0.75 0.61328125 0.1953125 0.1890625
0 0.83046875 0.2421875 0.1984375 0.17109375
0 0.65234375 0.08984375 0.1921875 0.1796875
0 0.89453125 0.078125 0.2109375 0.15625
0 0.72578125 0.91953125 0.165625 0.1140625
0 0.8953125 0.95859375 0.209375 0.0828125