0 0.17578125 0.60390625 0.2203125 0.19296875
0 0.36796875 0.58203125 0.20703125 0.21796875
0 0.58203125 0.55546875 0.1640625 0.1640625
0 0.56953125 0.721875 0.21640625 0.18203125
0 0.5359375 0.89609375 0.21875 0.2078125
0 0.34453125 0.77421875 0.20546875 0.203125
0 0.45078125 0.19375 0.17734375 0.17734375
0 0.4421875 0.378125 0.17578125 0.17265625
0 0.234375 0.396875 0.25234375 0.22265625
0 0.12734375 0.79609375 0.2015625 0.21328125
0 0.28515625 0.109375 0.153125 0.1984375
0 0.09296875 0.07734375 0.1859375 0.1546875